SR-WWa: [103964,0.00544106,0.0375119]
SR-WWb: [103964,0.00593076,0.0187991]
SR-WWc: [103964,0.00110617,0.0275101]
SR-mT2a: [103964,0.0157592,0.038188]
SR-mT2b: [103964,0.06724,0.178708]
SR-mT2c: [103964,0.401169,0.383376]
SR-Zjets: [103964,0.958299,0.956485]
