SR-WWa: [106476,0.667485,0.787219]
SR-WWb: [106476,0.5822,0.663456]
SR-WWc: [106476,0.60419,0.726308]
SR-mT2a: [106476,0.600743,0.693671]
SR-mT2b: [106476,0.762999,0.689382]
SR-mT2c: [106476,0.765111,0.693]
SR-Zjets: [106476,0.649129,0.76068]
