SR-WWa: [107030,0.534637,0.735231]
SR-WWb: [107030,0.499565,0.643604]
SR-WWc: [107030,0.553556,0.656878]
SR-mT2a: [107030,0.558231,0.687337]
SR-mT2b: [107030,0.871163,0.852109]
SR-mT2c: [107030,0.962845,0.961411]
SR-Zjets: [107030,0.826048,0.789417]
