SR-WWa: [108464,0.42938,0.661405]
SR-WWb: [108464,0.421103,0.587244]
SR-WWc: [108464,0.366446,0.657327]
SR-mT2a: [108464,0.508872,0.647721]
SR-mT2b: [108464,0.705346,0.811269]
SR-mT2c: [108464,0.891161,0.922397]
SR-Zjets: [108464,0.930957,0.94983]
