SR-WWa: [108542,0.240545,0.470613]
SR-WWb: [108542,0.485365,0.640081]
SR-WWc: [108542,0.303124,0.510901]
SR-mT2a: [108542,0.500503,0.635917]
SR-mT2b: [108542,0.693601,0.683135]
SR-mT2c: [108542,0.818367,0.778054]
SR-Zjets: [108542,0.990562,0.993056]
