SR-WWa: [108641,0.424505,0.634556]
SR-WWb: [108641,0.360072,0.495176]
SR-WWc: [108641,0.208489,0.516066]
SR-mT2a: [108641,0.425948,0.560649]
SR-mT2b: [108641,0.542561,0.718368]
SR-mT2c: [108641,0.787814,0.856185]
SR-Zjets: [108641,0.793022,0.739002]
