SR-WWa: [108784,0.679952,0.759287]
SR-WWb: [108784,0.705734,0.724537]
SR-WWc: [108784,0.558145,0.751259]
SR-mT2a: [108784,0.69292,0.758175]
SR-mT2b: [108784,0.674749,0.815157]
SR-mT2c: [108784,0.896909,0.902885]
SR-Zjets: [108784,0.776612,0.852614]
