SR-WWa: [108899,0.496779,0.735221]
SR-WWb: [108899,0.440047,0.628527]
SR-WWc: [108899,0.351964,0.625904]
SR-mT2a: [108899,0.558746,0.692821]
SR-mT2b: [108899,0.752867,0.854358]
SR-mT2c: [108899,0.785677,0.772709]
SR-Zjets: [108899,0.7437,0.832018]
