SR-WWa: [109291,0.607848,0.776865]
SR-WWb: [109291,0.630339,0.719329]
SR-WWc: [109291,0.456282,0.733679]
SR-mT2a: [109291,0.663577,0.748771]
SR-mT2b: [109291,0.753805,0.859705]
SR-mT2c: [109291,0.911484,0.917684]
SR-Zjets: [109291,0.916418,0.908795]
