SR-WWa: [111657,0.818857,0.872218]
SR-WWb: [111657,0.774563,0.808728]
SR-WWc: [111657,0.609936,0.809929]
SR-mT2a: [111657,0.693484,0.768083]
SR-mT2b: [111657,0.718256,0.854443]
SR-mT2c: [111657,0.982248,0.981927]
SR-Zjets: [111657,0.801466,0.803321]
