SR-WWa: [111772,0.0991994,0.292357]
SR-WWb: [111772,0.0954636,0.198746]
SR-WWc: [111772,0.0395,0.203946]
SR-mT2a: [111772,0.17124,0.279641]
SR-mT2b: [111772,0.180093,0.327393]
SR-mT2c: [111772,0.382972,0.329102]
SR-Zjets: [111772,0.656165,0.525107]
