SR-WWa: [112218,0.703025,0.851803]
SR-WWb: [112218,0.68112,0.757535]
SR-WWc: [112218,0.720093,0.744255]
SR-mT2a: [112218,0.733017,0.803023]
SR-mT2b: [112218,0.764164,0.69138]
SR-mT2c: [112218,0.897438,0.885717]
SR-Zjets: [112218,0.577485,0.690113]
