SR-WWa: [112815,0.567827,0.725125]
SR-WWb: [112815,0.43474,0.574074]
SR-WWc: [112815,0.547425,0.709962]
SR-mT2a: [112815,0.513172,0.648788]
SR-mT2b: [112815,0.846623,0.818837]
SR-mT2c: [112815,0.954596,0.952436]
SR-Zjets: [112815,0.989515,0.992137]
