SR-WWa: [113234,0.575958,0.754342]
SR-WWb: [113234,0.571297,0.683786]
SR-WWc: [113234,0.491311,0.743011]
SR-mT2a: [113234,0.6314,0.737512]
SR-mT2b: [113234,0.694261,0.817859]
SR-mT2c: [113234,0.957742,0.957912]
SR-Zjets: [113234,0.946166,0.943103]
