SR-WWa: [11361,0.929673,0.950102]
SR-WWb: [11361,0.867289,0.8998]
SR-WWc: [11361,0.72512,0.830176]
SR-mT2a: [11361,0.808806,0.860867]
SR-mT2b: [11361,0.723655,0.757546]
SR-mT2c: [11361,0.805423,0.758417]
SR-Zjets: [11361,0.448169,0.470904]
