SR-WWa: [114351,0.6072,0.784011]
SR-WWb: [114351,0.603454,0.736161]
SR-WWc: [114351,0.550318,0.791726]
SR-mT2a: [114351,0.668611,0.773697]
SR-mT2b: [114351,0.793115,0.872781]
SR-mT2c: [114351,0.935833,0.931433]
SR-Zjets: [114351,0.86964,0.919918]
