SR-WWa: [114540,0.114202,0.341565]
SR-WWb: [114540,0.134954,0.268167]
SR-WWc: [114540,0.0992143,0.311395]
SR-mT2a: [114540,0.231759,0.359109]
SR-mT2b: [114540,0.189903,0.344693]
SR-mT2c: [114540,0.65337,0.537277]
SR-Zjets: [114540,0.990125,0.990027]
