SR-WWa: [114804,0.537424,0.715025]
SR-WWb: [114804,0.514163,0.663839]
SR-WWc: [114804,0.357365,0.643442]
SR-mT2a: [114804,0.587579,0.71354]
SR-mT2b: [114804,0.583327,0.747232]
SR-mT2c: [114804,0.820687,0.881737]
SR-Zjets: [114804,0.99141,0.991335]
