SR-WWa: [115580,0.646805,0.778631]
SR-WWb: [115580,0.618396,0.70779]
SR-WWc: [115580,0.494936,0.727451]
SR-mT2a: [115580,0.64903,0.746057]
SR-mT2b: [115580,0.719288,0.837536]
SR-mT2c: [115580,0.929458,0.956179]
SR-Zjets: [115580,0.862986,0.841232]
