SR-WWa: [116369,0.537405,0.704296]
SR-WWb: [116369,0.510735,0.619399]
SR-WWc: [116369,0.410847,0.720622]
SR-mT2a: [116369,0.561585,0.658825]
SR-mT2b: [116369,0.915514,0.954533]
SR-mT2c: [116369,0.982948,0.982988]
SR-Zjets: [116369,0.997459,0.997452]
