SR-WWa: [116521,0.238482,0.366]
SR-WWb: [116521,0.130485,0.188572]
SR-WWc: [116521,0.0192713,0.141032]
SR-mT2a: [116521,0.155693,0.225891]
SR-mT2b: [116521,0.282562,0.464717]
SR-mT2c: [116521,0.907777,0.946532]
SR-Zjets: [116521,0.992048,0.991984]
