SR-WWa: [116829,0.467435,0.683422]
SR-WWb: [116829,0.451295,0.618716]
SR-WWc: [116829,0.391021,0.671289]
SR-mT2a: [116829,0.548356,0.683072]
SR-mT2b: [116829,0.600159,0.771724]
SR-mT2c: [116829,0.931903,0.92805]
SR-Zjets: [116829,0.986047,0.985849]
