SR-WWa: [117790,0.363153,0.611444]
SR-WWb: [117790,0.516077,0.648831]
SR-WWc: [117790,0.480345,0.734927]
SR-mT2a: [117790,0.575747,0.698097]
SR-mT2b: [117790,0.835418,0.910923]
SR-mT2c: [117790,0.900746,0.937914]
SR-Zjets: [117790,0.990124,0.990026]
