SR-WWa: [119934,0.470717,0.68889]
SR-WWb: [119934,0.53176,0.622198]
SR-WWc: [119934,0.437329,0.707318]
SR-mT2a: [119934,0.589458,0.684]
SR-mT2b: [119934,0.61816,0.766818]
SR-mT2c: [119934,0.747573,0.827657]
SR-Zjets: [119934,0.996973,0.996964]
