SR-WWa: [120091,0.83986,0.914636]
SR-WWb: [120091,0.670947,0.782061]
SR-WWc: [120091,0.742609,0.755596]
SR-mT2a: [120091,0.740556,0.815973]
SR-mT2b: [120091,0.783398,0.729028]
SR-mT2c: [120091,0.926346,0.92049]
SR-Zjets: [120091,0.784984,0.784953]
