SR-WWa: [121123,0.519161,0.703807]
SR-WWb: [121123,0.480093,0.605337]
SR-WWc: [121123,0.450967,0.682409]
SR-mT2a: [121123,0.544883,0.666809]
SR-mT2b: [121123,0.673418,0.784396]
SR-mT2c: [121123,0.910686,0.923303]
SR-Zjets: [121123,0.993796,0.993757]
