SR-WWa: [121432,0.433558,0.68012]
SR-WWb: [121432,0.42844,0.589952]
SR-WWc: [121432,0.371323,0.67315]
SR-mT2a: [121432,0.509,0.639665]
SR-mT2b: [121432,0.789885,0.877614]
SR-mT2c: [121432,0.888428,0.928329]
SR-Zjets: [121432,0.995377,0.996189]
