SR-WWa: [121566,0.580937,0.767015]
SR-WWb: [121566,0.468343,0.633019]
SR-WWc: [121566,0.629495,0.721735]
SR-mT2a: [121566,0.531198,0.668357]
SR-mT2b: [121566,0.72003,0.746276]
SR-mT2c: [121566,0.880656,0.923975]
SR-Zjets: [121566,0.778854,0.716062]
