SR-WWa: [122513,0.895086,0.922668]
SR-WWb: [122513,0.808361,0.851666]
SR-WWc: [122513,0.640556,0.805967]
SR-mT2a: [122513,0.807832,0.867997]
SR-mT2b: [122513,0.789777,0.867495]
SR-mT2c: [122513,0.913831,0.905705]
SR-Zjets: [122513,0.69933,0.660831]
