SR-WWa: [122603,0.305155,0.457274]
SR-WWb: [122603,0.194431,0.274165]
SR-WWc: [122603,0.190047,0.447516]
SR-mT2a: [122603,0.257297,0.353976]
SR-mT2b: [122603,0.431597,0.629466]
SR-mT2c: [122603,0.398873,0.519038]
SR-Zjets: [122603,0.983212,0.982926]
