SR-WWa: [123263,0.713145,0.802998]
SR-WWb: [123263,0.721325,0.761388]
SR-WWc: [123263,0.612212,0.779046]
SR-mT2a: [123263,0.718797,0.777596]
SR-mT2b: [123263,0.786121,0.876916]
SR-mT2c: [123263,0.979371,0.978936]
SR-Zjets: [123263,0.63004,0.743844]
