SR-WWa: [123340,0.687838,0.852637]
SR-WWb: [123340,0.68656,0.810627]
SR-WWc: [123340,0.663282,0.830076]
SR-mT2a: [123340,0.737412,0.82923]
SR-mT2b: [123340,]
SR-mT2c: [123340,0.972111,0.97266]
SR-Zjets: [123340,0.933564,0.960729]
