SR-WWa: [123404,0.683253,0.804401]
SR-WWb: [123404,0.661712,0.722949]
SR-WWc: [123404,0.513561,0.715104]
SR-mT2a: [123404,0.652491,0.734719]
SR-mT2b: [123404,0.889384,0.907478]
SR-mT2c: [123404,0.976422,0.975853]
SR-Zjets: [123404,0.776797,0.854604]
