SR-WWa: [124158,0.374942,0.625888]
SR-WWb: [124158,0.360953,0.515806]
SR-WWc: [124158,0.277012,0.559572]
SR-mT2a: [124158,0.445185,0.585416]
SR-mT2b: [124158,0.447091,0.595959]
SR-mT2c: [124158,0.885389,0.870552]
SR-Zjets: [124158,0.995774,0.996275]
