SR-WWa: [124422,0.654977,0.798246]
SR-WWb: [124422,0.542258,0.664305]
SR-WWc: [124422,0.473265,0.749258]
SR-mT2a: [124422,0.614833,0.723036]
SR-mT2b: [124422,0.854991,0.915212]
SR-mT2c: [124422,0.980104,0.979867]
SR-Zjets: [124422,0.862471,0.840541]
