SR-WWa: [124640,0.630847,0.716062]
SR-WWb: [124640,0.548871,0.611349]
SR-WWc: [124640,0.407991,0.673273]
SR-mT2a: [124640,0.572405,0.65698]
SR-mT2b: [124640,0.725029,0.848192]
SR-mT2c: [124640,0.911737,0.903192]
SR-Zjets: [124640,0.850769,0.824593]
