SR-WWa: [124896,0.222823,0.471521]
SR-WWb: [124896,0.169022,0.32915]
SR-WWc: [124896,0.183328,0.445277]
SR-mT2a: [124896,0.239835,0.38448]
SR-mT2b: [124896,0.432201,0.640404]
SR-mT2c: [124896,0.850197,0.855714]
SR-Zjets: [124896,0.995,0.994975]
