SR-WWa: [125021,0.315479,0.539091]
SR-WWb: [125021,0.299727,0.42102]
SR-WWc: [125021,0.222731,0.556277]
SR-mT2a: [125021,0.355466,0.474142]
SR-mT2b: [125021,0.622666,0.761261]
SR-mT2c: [125021,0.906195,0.896485]
SR-Zjets: [125021,0.850688,0.824481]
