SR-WWa: [128810,0.436951,0.642346]
SR-WWb: [128810,0.447249,0.574605]
SR-WWc: [128810,0.401025,0.667196]
SR-mT2a: [128810,0.502002,0.634325]
SR-mT2b: [128810,0.635306,0.713187]
SR-mT2c: [128810,0.902329,0.941002]
SR-Zjets: [128810,0.744018,0.655946]
