SR-WWa: [130294,0.163672,0.342263]
SR-WWb: [130294,0.19103,0.26859]
SR-WWc: [130294,0.17852,0.430551]
SR-mT2a: [130294,0.259988,0.360742]
SR-mT2b: [130294,0.612847,0.711163]
SR-mT2c: [130294,0.744567,0.807195]
SR-Zjets: [130294,0.399927,0.447977]
