SR-WWa: [132972,0.0233394,0.0884751]
SR-WWb: [132972,0.0488428,0.089754]
SR-WWc: [132972,0.0228893,0.171937]
SR-mT2a: [132972,0.0700465,0.125459]
SR-mT2b: [132972,0.123919,0.290892]
SR-mT2c: [132972,0.616857,0.569664]
SR-Zjets: [132972,0.771297,0.703482]
