SR-WWa: [136964,0.340908,0.600313]
SR-WWb: [136964,0.299661,0.481762]
SR-WWc: [136964,0.510575,0.613999]
SR-mT2a: [136964,0.382302,0.523291]
SR-mT2b: [136964,0.819934,0.78039]
SR-mT2c: [136964,0.796675,0.744783]
SR-Zjets: [136964,0.314249,0.342669]
