SR-WWa: [142717,0.762252,0.843084]
SR-WWb: [142717,0.715252,0.781201]
SR-WWc: [142717,0.730836,0.816767]
SR-mT2a: [142717,0.731686,0.802791]
SR-mT2b: [142717,0.9185,0.919898]
SR-mT2c: [142717,0.968834,0.968188]
SR-Zjets: [142717,0.765392,0.778597]
