SR-WWa: [143202,0.446156,0.673608]
SR-WWb: [143202,0.371142,0.530473]
SR-WWc: [143202,0.408608,0.672245]
SR-mT2a: [143202,0.469961,0.604386]
SR-mT2b: [143202,0.724273,0.842539]
SR-mT2c: [143202,0.900749,0.889812]
SR-Zjets: [143202,0.715335,0.805388]
