SR-WWa: [154638,0.487343,0.669802]
SR-WWb: [154638,0.487403,0.605539]
SR-WWc: [154638,0.387839,0.666901]
SR-mT2a: [154638,0.520184,0.642085]
SR-mT2b: [154638,0.717474,0.821153]
SR-mT2c: [154638,0.91878,0.943881]
SR-Zjets: [154638,0.880141,0.863818]
