SR-WWa: [157353,0.567775,0.726384]
SR-WWb: [157353,0.552995,0.664075]
SR-WWc: [157353,0.50967,0.738216]
SR-mT2a: [157353,0.598299,0.706421]
SR-mT2b: [157353,0.777054,0.856307]
SR-mT2c: [157353,0.924468,0.948726]
SR-Zjets: [157353,0.951429,0.948949]
