SR-WWa: [158947,0.360316,0.577071]
SR-WWb: [158947,0.466594,0.583038]
SR-WWc: [158947,0.495274,0.675761]
SR-mT2a: [158947,0.497373,0.617986]
SR-mT2b: [158947,0.78762,0.794829]
SR-mT2c: [158947,0.920776,0.91396]
SR-Zjets: [158947,0.655966,0.524776]
