SR-WWa: [159181,0.487181,0.708586]
SR-WWb: [159181,0.465982,0.610093]
SR-WWc: [159181,0.445198,0.693825]
SR-mT2a: [159181,0.531333,0.66428]
SR-mT2b: [159181,0.778108,0.862234]
SR-mT2c: [159181,0.929584,0.924251]
SR-Zjets: [159181,0.931194,0.94529]
