SR-WWa: [159966,0.827483,0.879741]
SR-WWb: [159966,0.76485,0.816919]
SR-WWc: [159966,0.70586,0.804783]
SR-mT2a: [159966,0.762539,0.832461]
SR-mT2b: [159966,0.909926,0.903815]
SR-mT2c: [159966,0.936538,0.932238]
SR-Zjets: [159966,0.847426,0.846241]
