SR-WWa: [163353,0.543797,0.718954]
SR-WWb: [163353,0.557466,0.652739]
SR-WWc: [163353,0.468851,0.684236]
SR-mT2a: [163353,0.60269,0.701755]
SR-mT2b: [163353,0.911621,0.908594]
SR-mT2c: [163353,0.934728,0.93017]
SR-Zjets: [163353,0.793596,0.813376]
