SR-WWa: [164749,0.0243462,0.100742]
SR-WWb: [164749,0.0314342,0.0812625]
SR-WWc: [164749,0.0311864,0.180714]
SR-mT2a: [164749,0.0684037,0.13326]
SR-mT2b: [164749,0.176105,0.364839]
SR-mT2c: [164749,0.294541,0.37934]
SR-Zjets: [164749,0.744115,0.656122]
