SR-WWa: [165769,0.696829,0.851284]
SR-WWb: [165769,0.631389,0.76989]
SR-WWc: [165769,0.738,0.804753]
SR-mT2a: [165769,0.682132,0.788349]
SR-mT2b: [165769,0.853133,0.82785]
SR-mT2c: [165769,0.907703,0.898318]
SR-Zjets: [165769,0.576847,0.697021]
