SR-WWa: [16599,0.0904953,0.274907]
SR-WWb: [16599,0.165972,0.30955]
SR-WWc: [16599,0.0541275,0.282998]
SR-mT2a: [16599,0.271172,0.402703]
SR-mT2b: [16599,0.164873,0.330812]
SR-mT2c: [16599,0.472509,0.418148]
SR-Zjets: [16599,0.988985,0.988862]
