SR-WWa: [166473,0.628363,0.796449]
SR-WWb: [166473,0.418818,0.574816]
SR-WWc: [166473,0.760185,0.684532]
SR-mT2a: [166473,0.515521,0.616881]
SR-mT2b: [166473,0.653089,0.667199]
SR-mT2c: [166473,0.642883,0.545502]
SR-Zjets: [166473,0.466331,0.343328]
