SR-WWa: [167009,0.703924,0.836054]
SR-WWb: [167009,0.593458,0.709756]
SR-WWc: [167009,0.628616,0.739727]
SR-mT2a: [167009,0.672505,0.768466]
SR-mT2b: [167009,0.8714,0.852422]
SR-mT2c: [167009,0.978619,0.978152]
SR-Zjets: [167009,0.993898,0.995575]
