SR-WWa: [168248,0.503315,0.703942]
SR-WWb: [168248,0.561314,0.686794]
SR-WWc: [168248,0.462906,0.743384]
SR-mT2a: [168248,0.625853,0.734671]
SR-mT2b: [168248,0.746192,0.864527]
SR-mT2c: [168248,0.95415,0.967139]
SR-Zjets: [168248,0.943042,0.966753]
