SR-WWa: [170373,0.805901,0.893139]
SR-WWb: [170373,0.75924,0.824505]
SR-WWc: [170373,0.731128,0.848427]
SR-mT2a: [170373,0.789543,0.856854]
SR-mT2b: [170373,0.95864,0.967732]
SR-mT2c: [170373,0.979453,0.979021]
SR-Zjets: [170373,0.919246,0.912152]
