SR-WWa: [170822,0.814204,0.903286]
SR-WWb: [170822,0.695472,0.779022]
SR-WWc: [170822,0.637182,0.736276]
SR-mT2a: [170822,0.680121,0.777653]
SR-mT2b: [170822,0.807436,0.794027]
SR-mT2c: [170822,0.929925,0.924644]
SR-Zjets: [170822,0.440442,0.484385]
