SR-WWa: [171121,0.0568215,0.163102]
SR-WWb: [171121,0.110987,0.173456]
SR-WWc: [171121,0.03811,0.207995]
SR-mT2a: [171121,0.159977,0.243325]
SR-mT2b: [171121,0.152647,0.335571]
SR-mT2c: [171121,0.2522,0.320135]
SR-Zjets: [171121,0.506394,0.620231]
