SR-WWa: [171193,0.549546,0.738234]
SR-WWb: [171193,0.598102,0.703495]
SR-WWc: [171193,0.502792,0.74036]
SR-mT2a: [171193,0.611526,0.716814]
SR-mT2b: [171193,0.855972,0.897836]
SR-mT2c: [171193,0.843497,0.895162]
SR-Zjets: [171193,0.990204,0.992442]
