SR-WWa: [171273,0.136858,0.254767]
SR-WWb: [171273,0.091855,0.158]
SR-WWc: [171273,0.0338348,0.201648]
SR-mT2a: [171273,0.139556,0.223666]
SR-mT2b: [171273,0.133262,0.313447]
SR-mT2c: [171273,0.663302,0.759534]
SR-Zjets: [171273,0.961824,0.960309]
