SR-WWa: [171353,0.73508,0.840996]
SR-WWb: [171353,0.763134,0.836184]
SR-WWc: [171353,0.539586,0.793564]
SR-mT2a: [171353,0.738543,0.809514]
SR-mT2b: [171353,0.8136,0.907175]
SR-mT2c: [171353,0.852172,0.903854]
SR-Zjets: [171353,0.868489,0.849673]
