SR-WWa: [171430,0.533286,0.74641]
SR-WWb: [171430,0.543633,0.692811]
SR-WWc: [171430,0.62622,0.766743]
SR-mT2a: [171430,0.633641,0.748255]
SR-mT2b: [171430,0.878399,0.861565]
SR-mT2c: [171430,0.921221,0.914484]
SR-Zjets: [171430,-1,-1]
