SR-WWa: [172396,0.102948,0.27229]
SR-WWb: [172396,0.134571,0.247151]
SR-WWc: [172396,0.138932,0.430877]
SR-mT2a: [172396,0.190681,0.302509]
SR-mT2b: [172396,0.336122,0.538663]
SR-mT2c: [172396,0.759797,0.683859]
SR-Zjets: [172396,0.982179,0.981856]
