SR-WWa: [173947,0.75652,0.847128]
SR-WWb: [173947,0.673301,0.771394]
SR-WWc: [173947,0.653722,0.828257]
SR-mT2a: [173947,0.691298,0.789831]
SR-mT2b: [173947,0.852874,0.898714]
SR-mT2c: [173947,0.978797,0.979253]
SR-Zjets: [173947,0.997775,0.99777]
