SR-WWa: [174069,0.633263,0.783233]
SR-WWb: [174069,0.5851,0.708756]
SR-WWc: [174069,0.519094,0.764549]
SR-mT2a: [174069,0.625136,0.731127]
SR-mT2b: [174069,0.680805,0.81701]
SR-mT2c: [174069,0.807568,0.817479]
SR-Zjets: [174069,0.817053,0.776089]
