SR-WWa: [174449,0.880531,0.902355]
SR-WWb: [174449,0.889012,0.90318]
SR-WWc: [174449,0.64569,0.81575]
SR-mT2a: [174449,0.838908,0.870992]
SR-mT2b: [174449,0.758989,0.856416]
SR-mT2c: [174449,0.978536,0.978066]
SR-Zjets: [174449,0.718795,0.643981]
