SR-WWa: [17454,0.20713,0.292873]
SR-WWb: [17454,0.32787,0.333124]
SR-WWc: [17454,0.398929,0.478207]
SR-mT2a: [17454,0.337355,0.385241]
SR-mT2b: [17454,0.837995,0.806675]
SR-mT2c: [17454,0.779373,0.716918]
SR-Zjets: [17454,0.49321,0.463543]
