SR-WWa: [174795,0.74047,0.879741]
SR-WWb: [174795,0.688867,0.808785]
SR-WWc: [174795,0.533199,0.702471]
SR-mT2a: [174795,0.677663,0.785049]
SR-mT2b: [174795,0.804797,0.857942]
SR-mT2c: [174795,0.906462,0.90161]
SR-Zjets: [174795,0.865635,0.914572]
