SR-WWa: [174729,0.741303,0.8649]
SR-WWb: [174729,0.742492,0.780235]
SR-WWc: [174729,0.837713,0.872724]
SR-mT2a: [174729,0.777479,0.82442]
SR-mT2b: [174729,0.976231,0.975652]
SR-mT2c: [174729,0.979609,0.979184]
SR-Zjets: [174729,-1,-1]
