SR-WWa: [174996,0.0290425,0.114996]
SR-WWb: [174996,0.0138539,0.0369979]
SR-WWc: [174996,0.0338483,0.186814]
SR-mT2a: [174996,0.0319407,0.072294]
SR-mT2b: [174996,0.130284,0.249145]
SR-mT2c: [174996,0.640302,0.438236]
SR-Zjets: [174996,0.960117,0.95846]
