SR-WWa: [175534,0.679704,0.808828]
SR-WWb: [175534,0.696009,0.778166]
SR-WWc: [175534,0.559837,0.786144]
SR-mT2a: [175534,0.719525,0.801278]
SR-mT2b: [175534,0.828407,0.90705]
SR-mT2c: [175534,0.978953,0.978501]
SR-Zjets: [175534,0.930556,0.925374]
