SR-WWa: [176136,0.614737,0.794041]
SR-WWb: [176136,0.655572,0.736616]
SR-WWc: [176136,0.539428,0.751268]
SR-mT2a: [176136,0.645654,0.741349]
SR-mT2b: [176136,0.637598,0.755208]
SR-mT2c: [176136,0.770486,0.844296]
SR-Zjets: [176136,0.995202,0.995179]
