SR-WWa: [177319,0.846264,0.910988]
SR-WWb: [177319,0.710213,0.796144]
SR-WWc: [177319,0.544051,0.702282]
SR-mT2a: [177319,0.664822,0.766468]
SR-mT2b: [177319,0.70575,0.736376]
SR-mT2c: [177319,0.857046,0.833202]
SR-Zjets: [177319,0.511031,0.474474]
