SR-WWa: [180950,0.986487,0.986302]
SR-WWb: [180950,0.952736,0.950391]
SR-WWc: [180950,0.927113,0.939844]
SR-mT2a: [180950,0.918133,0.937875]
SR-mT2b: [180950,0.933735,0.929032]
SR-mT2c: [180950,0.952423,0.950046]
SR-Zjets: [180950,0.724589,0.734169]
