SR-WWa: [181797,0.770264,0.825609]
SR-WWb: [181797,0.654683,0.680977]
SR-WWc: [181797,0.637547,0.761906]
SR-mT2a: [181797,0.676207,0.748566]
SR-mT2b: [181797,0.794188,0.873269]
SR-mT2c: [181797,0.887506,0.929544]
SR-Zjets: [181797,0.302596,0.336655]
