SR-WWa: [181908,0.251805,0.422513]
SR-WWb: [181908,0.469019,0.528197]
SR-WWc: [181908,0.909548,0.900553]
SR-mT2a: [181908,0.455491,0.546045]
SR-mT2b: [181908,0.922441,0.91592]
SR-mT2c: [181908,0.921336,0.942779]
SR-Zjets: [181908,0.33833,0.454757]
