SR-WWa: [182052,0.642699,0.739613]
SR-WWb: [182052,0.614438,0.65669]
SR-WWc: [182052,0.742414,0.75555]
SR-mT2a: [182052,0.628057,0.694235]
SR-mT2b: [182052,0.935965,0.931584]
SR-mT2c: [182052,0.940814,0.93709]
SR-Zjets: [182052,0.889903,0.876282]
