SR-WWa: [182018,0.637123,0.70568]
SR-WWb: [182018,0.585505,0.603007]
SR-WWc: [182018,0.766702,0.695712]
SR-mT2a: [182018,0.548539,0.593229]
SR-mT2b: [182018,0.815348,0.77353]
SR-mT2c: [182018,0.861359,0.839043]
SR-Zjets: [182018,0.409618,0.350573]
