SR-WWa: [182225,0.283146,0.401601]
SR-WWb: [182225,0.178945,0.219869]
SR-WWc: [182225,0.286923,0.248665]
SR-mT2a: [182225,0.208574,0.279583]
SR-mT2b: [182225,0.472216,0.410679]
SR-mT2c: [182225,0.75036,0.667306]
SR-Zjets: [182225,0.398055,0.337031]
