SR-WWa: [182249,0.0701469,0.180016]
SR-WWb: [182249,0.0640448,0.127021]
SR-WWc: [182249,0.0275458,0.190745]
SR-mT2a: [182249,0.107774,0.183831]
SR-mT2b: [182249,0.192948,0.343094]
SR-mT2c: [182249,0.562103,0.507513]
SR-Zjets: [182249,0.995362,0.99534]
