SR-WWa: [182552,0.147178,0.360968]
SR-WWb: [182552,0.339617,0.444427]
SR-WWc: [182552,0.370258,0.652563]
SR-mT2a: [182552,0.418047,0.525298]
SR-mT2b: [182552,0.583485,0.756952]
SR-mT2c: [182552,0.797043,0.874754]
SR-Zjets: [182552,0.977538,0.977022]
