SR-WWa: [182676,0.408388,0.572066]
SR-WWb: [182676,0.313724,0.385227]
SR-WWc: [182676,0.754129,0.796153]
SR-mT2a: [182676,0.394641,0.479272]
SR-mT2b: [182676,0.848365,0.821262]
SR-mT2c: [182676,0.899194,0.887893]
SR-Zjets: [182676,0.988442,0.988307]
