SR-WWa: [183072,0.672874,0.818358]
SR-WWb: [183072,0.763617,0.811274]
SR-WWc: [183072,0.752229,0.784986]
SR-mT2a: [183072,0.795315,0.843255]
SR-mT2b: [183072,0.63355,0.690323]
SR-mT2c: [183072,0.86884,0.849041]
SR-Zjets: [183072,0.724039,0.618858]
