SR-WWa: [183105,0.0174654,0.0992945]
SR-WWb: [183105,0.0432377,0.098905]
SR-WWc: [183105,0.00851931,0.0819498]
SR-mT2a: [183105,0.0844458,0.154568]
SR-mT2b: [183105,0.13039,0.266379]
SR-mT2c: [183105,0.398985,0.328928]
SR-Zjets: [183105,0.875605,0.857933]
