SR-WWa: [183135,0.319287,0.48134]
SR-WWb: [183135,0.448542,0.579576]
SR-WWc: [183135,0.692807,0.739758]
SR-mT2a: [183135,0.504157,0.62606]
SR-mT2b: [183135,0.903759,0.89351]
SR-mT2c: [183135,0.889138,0.905108]
SR-Zjets: [183135,0.600194,0.560582]
