SR-WWa: [183269,0.584299,0.702099]
SR-WWb: [183269,0.566474,0.687614]
SR-WWc: [183269,0.53419,0.713872]
SR-mT2a: [183269,0.518373,0.649391]
SR-mT2b: [183269,0.774936,0.709572]
SR-mT2c: [183269,0.748076,0.663947]
SR-Zjets: [183269,0.421761,0.419065]
