SR-WWa: [183378,0.249136,0.409517]
SR-WWb: [183378,0.169588,0.253957]
SR-WWc: [183378,0.149108,0.259894]
SR-mT2a: [183378,0.220828,0.328857]
SR-mT2b: [183378,0.316135,0.395825]
SR-mT2c: [183378,0.397132,0.519936]
SR-Zjets: [183378,0.18633,0.162128]
