SR-WWa: [183495,0.147621,0.350266]
SR-WWb: [183495,0.220239,0.34978]
SR-WWc: [183495,0.254753,0.562519]
SR-mT2a: [183495,0.326172,0.465936]
SR-mT2b: [183495,0.445435,0.67235]
SR-mT2c: [183495,0.557726,0.627442]
SR-Zjets: [183495,0.949192,0.963205]
