SR-WWa: [183645,0.662407,0.698765]
SR-WWb: [183645,0.493777,0.555744]
SR-WWc: [183645,0.72589,0.62238]
SR-mT2a: [183645,0.328325,0.416023]
SR-mT2b: [183645,0.907965,0.898637]
SR-mT2c: [183645,0.937283,0.933086]
SR-Zjets: [183645,0.736523,0.642269]
