SR-WWa: [183946,0.235127,0.484718]
SR-WWb: [183946,0.327265,0.489443]
SR-WWc: [183946,0.442822,0.599893]
SR-mT2a: [183946,0.45449,0.588973]
SR-mT2b: [183946,0.600929,0.647513]
SR-mT2c: [183946,0.957856,0.957916]
SR-Zjets: [183946,0.269936,0.213151]
