SR-WWa: [184235,0.00538612,0.0421396]
SR-WWb: [184235,0.0250442,0.0727018]
SR-WWc: [184235,0.0133258,0.0984075]
SR-mT2a: [184235,0.0558654,0.119388]
SR-mT2b: [184235,0.30752,0.368416]
SR-mT2c: [184235,0.488615,0.393367]
SR-Zjets: [184235,0.95693,0.968282]
