SR-WWa: [184255,0.332445,0.488782]
SR-WWb: [184255,0.38167,0.456026]
SR-WWc: [184255,0.426815,0.635022]
SR-mT2a: [184255,0.432816,0.525013]
SR-mT2b: [184255,0.71178,0.764655]
SR-mT2c: [184255,0.972003,0.973662]
SR-Zjets: [184255,0.997523,0.997517]
