SR-WWa: [184275,0.337479,0.471243]
SR-WWb: [184275,0.242191,0.27146]
SR-WWc: [184275,0.68517,0.540508]
SR-mT2a: [184275,0.263372,0.32018]
SR-mT2b: [184275,0.845257,0.816928]
SR-mT2c: [184275,0.795325,0.742652]
SR-Zjets: [184275,0.471617,0.452685]
