SR-WWa: [186673,0.620494,0.774486]
SR-WWb: [186673,0.570596,0.683627]
SR-WWc: [186673,0.37015,0.633434]
SR-mT2a: [186673,0.589505,0.71164]
SR-mT2b: [186673,0.721764,0.796899]
SR-mT2c: [186673,0.97657,0.976007]
SR-Zjets: [186673,0.719899,0.672007]
