SR-WWa: [187168,0.864682,0.928561]
SR-WWb: [187168,0.792121,0.861275]
SR-WWc: [187168,0.734829,0.836419]
SR-mT2a: [187168,0.795256,0.861077]
SR-mT2b: [187168,0.850675,0.869943]
SR-mT2c: [187168,0.94677,0.943777]
SR-Zjets: [187168,0.700424,0.690279]
