SR-WWa: [18723,0.580394,0.759112]
SR-WWb: [18723,0.530027,0.665246]
SR-WWc: [18723,0.411443,0.680732]
SR-mT2a: [18723,0.594726,0.71534]
SR-mT2b: [18723,0.616299,0.770022]
SR-mT2c: [18723,0.803879,0.852832]
SR-Zjets: [18723,0.882022,0.866242]
