SR-WWa: [190051,0.477029,0.691959]
SR-WWb: [190051,0.498286,0.618777]
SR-WWc: [190051,0.389292,0.690816]
SR-mT2a: [190051,0.571245,0.681525]
SR-mT2b: [190051,0.637088,0.80064]
SR-mT2c: [190051,0.820981,0.864774]
SR-Zjets: [190051,0.705817,0.800898]
