SR-WWa: [190828,0.740842,0.854282]
SR-WWb: [190828,0.696104,0.764672]
SR-WWc: [190828,0.665926,0.763208]
SR-mT2a: [190828,0.702089,0.779933]
SR-mT2b: [190828,0.874086,0.873783]
SR-mT2c: [190828,0.946481,0.943455]
SR-Zjets: [190828,0.591636,0.637711]
