SR-WWa: [191705,0.552845,0.714601]
SR-WWb: [191705,0.557409,0.615816]
SR-WWc: [191705,0.506836,0.672431]
SR-mT2a: [191705,0.601886,0.68403]
SR-mT2b: [191705,0.781404,0.864325]
SR-mT2c: [191705,0.970274,0.969363]
SR-Zjets: [191705,0.80702,0.874787]
