SR-WWa: [192325,0.434701,0.670604]
SR-WWb: [192325,0.669633,0.713821]
SR-WWc: [192325,0.66357,0.657351]
SR-mT2a: [192325,0.657351,0.725023]
SR-mT2b: [192325,0.825158,0.82554]
SR-mT2c: [192325,0.897423,0.937526]
SR-Zjets: [192325,0.988257,0.991499]
