SR-WWa: [193120,0.851382,0.896799]
SR-WWb: [193120,0.768151,0.819284]
SR-WWc: [193120,0.685251,0.799043]
SR-mT2a: [193120,0.757051,0.82323]
SR-mT2b: [193120,0.838863,0.868278]
SR-mT2c: [193120,0.97723,0.976699]
SR-Zjets: [193120,0.698927,0.659748]
