SR-WWa: [193262,0.0665345,0.195981]
SR-WWb: [193262,0.0553683,0.125568]
SR-WWc: [193262,0.0235291,0.172457]
SR-mT2a: [193262,0.103706,0.184908]
SR-mT2b: [193262,0.0718045,0.197716]
SR-mT2c: [193262,0.522329,0.489171]
SR-Zjets: [193262,0.63626,0.513048]
