SR-WWa: [19462,0.138005,0.276657]
SR-WWb: [19462,0.105004,0.158399]
SR-WWc: [19462,0.0691039,0.304054]
SR-mT2a: [19462,0.12972,0.200864]
SR-mT2b: [19462,0.468683,0.583979]
SR-mT2c: [19462,0.943628,0.940261]
SR-Zjets: [19462,0.966968,0.96584]
