SR-WWa: [195972,0.796869,0.885557]
SR-WWb: [195972,0.757046,0.827563]
SR-WWc: [195972,0.738721,0.834147]
SR-mT2a: [195972,0.768272,0.835123]
SR-mT2b: [195972,0.900628,0.91674]
SR-mT2c: [195972,0.978293,0.986427]
SR-Zjets: [195972,0.815449,0.773682]
