SR-WWa: [19703,0.0190478,0.0884581]
SR-WWb: [19703,0.0115273,0.0302828]
SR-WWc: [19703,0.00890929,0.0863346]
SR-mT2a: [19703,0.022505,0.0490746]
SR-mT2b: [19703,0.131316,0.306012]
SR-mT2c: [19703,0.644434,0.745323]
SR-Zjets: [19703,0.99045,0.990358]
