SR-WWa: [197253,0.905,0.944526]
SR-WWb: [197253,0.829722,0.874999]
SR-WWc: [197253,0.811931,0.846432]
SR-mT2a: [197253,0.820243,0.871596]
SR-mT2b: [197253,0.850848,0.855663]
SR-mT2c: [197253,0.914262,0.906222]
SR-Zjets: [197253,0.499127,0.506566]
