SR-WWa: [197496,0.403607,0.63903]
SR-WWb: [197496,0.44402,0.562162]
SR-WWc: [197496,0.294173,0.583747]
SR-mT2a: [197496,0.468522,0.590617]
SR-mT2b: [197496,0.5215,0.687675]
SR-mT2c: [197496,0.764142,0.691343]
SR-Zjets: [197496,0.995666,0.995647]
