SR-WWa: [197978,0.14847,0.277841]
SR-WWb: [197978,0.229177,0.321097]
SR-WWc: [197978,0.16055,0.43509]
SR-mT2a: [197978,0.290517,0.388364]
SR-mT2b: [197978,0.271248,0.489942]
SR-mT2c: [197978,0.751413,0.774392]
SR-Zjets: [197978,0.466898,0.475719]
