SR-WWa: [198620,0.9611,0.982204]
SR-WWb: [198620,0.920154,0.953876]
SR-WWc: [198620,0.790088,0.907595]
SR-mT2a: [198620,0.910801,0.941983]
SR-mT2b: [198620,0.829865,0.901854]
SR-mT2c: [198620,0.905849,0.905098]
SR-Zjets: [198620,0.563132,0.56096]
