SR-WWa: [198964,0.466998,0.623584]
SR-WWb: [198964,0.337034,0.495467]
SR-WWc: [198964,0.353901,0.605732]
SR-mT2a: [198964,0.454126,0.594886]
SR-mT2b: [198964,0.61367,0.7039]
SR-mT2c: [198964,0.671248,0.573906]
SR-Zjets: [198964,0.497286,0.617644]
