SR-WWa: [199166,0.562828,0.759521]
SR-WWb: [199166,0.412481,0.544686]
SR-WWc: [199166,0.239124,0.475947]
SR-mT2a: [199166,0.34547,0.489913]
SR-mT2b: [199166,0.662511,0.686587]
SR-mT2c: [199166,0.867165,0.846817]
SR-Zjets: [199166,0.457648,0.375822]
