SR-WWa: [199139,0.053389,0.174088]
SR-WWb: [199139,0.0531981,0.111025]
SR-WWc: [199139,0.0990754,0.296163]
SR-mT2a: [199139,0.0995169,0.180164]
SR-mT2b: [199139,0.347608,0.552208]
SR-mT2c: [199139,0.909155,0.941478]
SR-Zjets: [199139,0.977624,0.977112]
