SR-WWa: [200021,0.356008,0.539638]
SR-WWb: [200021,0.384744,0.465165]
SR-WWc: [200021,0.182556,0.476555]
SR-mT2a: [200021,0.441509,0.537311]
SR-mT2b: [200021,0.573241,0.722782]
SR-mT2c: [200021,0.824379,0.786966]
SR-Zjets: [200021,0.96849,0.967464]
