SR-WWa: [200448,0.0577787,0.171578]
SR-WWb: [200448,0.0684202,0.129716]
SR-WWc: [200448,0.0177972,0.146127]
SR-mT2a: [200448,0.111928,0.186098]
SR-mT2b: [200448,0.122817,0.279882]
SR-mT2c: [200448,0.622419,0.633958]
SR-Zjets: [200448,0.989664,0.989556]
