SR-WWa: [200608,0.844886,0.914751]
SR-WWb: [200608,0.755352,0.8247]
SR-WWc: [200608,0.78626,0.827988]
SR-mT2a: [200608,0.769462,0.838323]
SR-mT2b: [200608,0.890088,0.876516]
SR-mT2c: [200608,0.960409,0.958777]
SR-Zjets: [200608,0.68313,0.649954]
