SR-WWa: [201665,0.658509,0.671318]
SR-WWb: [201665,0.755179,0.74115]
SR-WWc: [201665,0.809929,0.765323]
SR-mT2a: [201665,0.767287,0.784268]
SR-mT2b: [201665,0.806425,0.759958]
SR-mT2c: [201665,0.738021,0.645025]
SR-Zjets: [201665,0.344913,0.28156]
