SR-WWa: [202291,0.996777,0.997484]
SR-WWb: [202291,0.975247,0.987002]
SR-WWc: [202291,0.962747,0.98059]
SR-mT2a: [202291,0.979878,0.987395]
SR-mT2b: [202291,0.96996,0.970539]
SR-mT2c: [202291,0.98358,0.983306]
SR-Zjets: [202291,0.913248,0.908982]
