SR-WWa: [202647,0.902162,0.943191]
SR-WWb: [202647,0.825475,0.876282]
SR-WWc: [202647,0.727432,0.841357]
SR-mT2a: [202647,0.825207,0.877712]
SR-mT2b: [202647,0.817077,0.856667]
SR-mT2c: [202647,0.926964,0.921209]
SR-Zjets: [202647,0.606731,0.624068]
