SR-WWa: [203476,0.546875,0.681545]
SR-WWb: [203476,0.545379,0.626741]
SR-WWc: [203476,0.394935,0.694141]
SR-mT2a: [203476,0.534519,0.644973]
SR-mT2b: [203476,0.613446,0.776282]
SR-mT2c: [203476,0.963625,0.978578]
SR-Zjets: [203476,0.49508,0.604653]
