SR-WWa: [204439,0.226437,0.397693]
SR-WWb: [204439,0.159986,0.280882]
SR-WWc: [204439,0.241295,0.549499]
SR-mT2a: [204439,0.241307,0.355087]
SR-mT2b: [204439,0.208847,0.40853]
SR-mT2c: [204439,0.782298,0.721714]
SR-Zjets: [204439,0.993007,0.992958]
