SR-WWa: [204519,0.536846,0.730782]
SR-WWb: [204519,0.527296,0.654982]
SR-WWc: [204519,0.454575,0.717421]
SR-mT2a: [204519,0.605616,0.718415]
SR-mT2b: [204519,0.696255,0.801018]
SR-mT2c: [204519,0.884352,0.869229]
SR-Zjets: [204519,0.922503,0.915992]
