SR-WWa: [204795,0.623206,0.774424]
SR-WWb: [204795,0.55327,0.666977]
SR-WWc: [204795,0.473129,0.704522]
SR-mT2a: [204795,0.612437,0.719896]
SR-mT2b: [204795,0.746485,0.831399]
SR-mT2c: [204795,0.957123,0.962512]
SR-Zjets: [204795,0.886216,0.874125]
