SR-WWa: [205331,0.449007,0.696772]
SR-WWb: [205331,0.35585,0.556013]
SR-WWc: [205331,0.357315,0.606357]
SR-mT2a: [205331,0.441804,0.592372]
SR-mT2b: [205331,0.527346,0.636232]
SR-mT2c: [205331,0.931914,0.92694]
SR-Zjets: [205331,0.994239,0.995819]
