SR-WWa: [206441,0.726764,0.865372]
SR-WWb: [206441,0.724738,0.818047]
SR-WWc: [206441,0.645058,0.833479]
SR-mT2a: [206441,0.766089,0.844004]
SR-mT2b: [206441,0.854389,0.899892]
SR-mT2c: [206441,0.958269,0.956452]
SR-Zjets: [206441,0.93498,0.935706]
