SR-WWa: [206613,0.52028,0.711825]
SR-WWb: [206613,0.516039,0.632568]
SR-WWc: [206613,0.422998,0.689988]
SR-mT2a: [206613,0.578717,0.692417]
SR-mT2b: [206613,0.619431,0.77095]
SR-mT2c: [206613,0.869822,0.8727]
SR-Zjets: [206613,0.856276,0.852387]
