SR-WWa: [206883,0.483358,0.68754]
SR-WWb: [206883,0.45822,0.599855]
SR-WWc: [206883,0.31187,0.622101]
SR-mT2a: [206883,0.519885,0.649123]
SR-mT2b: [206883,0.583203,0.750703]
SR-mT2c: [206883,0.86078,0.864117]
SR-Zjets: [206883,0.897282,0.885524]
