SR-WWa: [207255,0.537716,0.716628]
SR-WWb: [207255,0.584614,0.704572]
SR-WWc: [207255,0.766326,0.695072]
SR-mT2a: [207255,0.690946,0.779267]
SR-mT2b: [207255,0.861487,0.839217]
SR-mT2c: [207255,0.917277,0.909817]
SR-Zjets: [207255,0.812613,0.769402]
