SR-WWa: [207316,0.0230483,0.0865271]
SR-WWb: [207316,0.0483941,0.106925]
SR-WWc: [207316,0.0227449,0.156385]
SR-mT2a: [207316,0.0902789,0.16445]
SR-mT2b: [207316,0.181666,0.330019]
SR-mT2c: [207316,0.510144,0.435623]
SR-Zjets: [207316,0.930778,0.949657]
