SR-WWa: [207651,0.962118,0.984272]
SR-WWb: [207651,0.961485,0.980282]
SR-WWc: [207651,0.937069,0.969815]
SR-mT2a: [207651,0.966959,0.979531]
SR-mT2b: [207651,0.964167,0.972369]
SR-mT2c: [207651,0.9759,0.975305]
SR-Zjets: [207651,0.940549,0.936791]
