SR-WWa: [207858,0.497665,0.713058]
SR-WWb: [207858,0.482196,0.625713]
SR-WWc: [207858,0.374285,0.670727]
SR-mT2a: [207858,0.547621,0.672398]
SR-mT2b: [207858,0.674591,0.790267]
SR-mT2c: [207858,0.901758,0.906657]
SR-Zjets: [207858,0.94835,0.945537]
