SR-WWa: [207950,0.780681,0.80924]
SR-WWb: [207950,0.91737,0.929834]
SR-WWc: [207950,0.848802,0.896856]
SR-mT2a: [207950,0.954452,0.952278]
SR-mT2b: [207950,0.660395,0.772906]
SR-mT2c: [207950,0.88124,0.865235]
SR-Zjets: [207950,0.656139,0.536318]
