SR-WWa: [208259,0.564931,0.749874]
SR-WWb: [208259,0.557195,0.696122]
SR-WWc: [208259,0.495952,0.73965]
SR-mT2a: [208259,0.617142,0.736321]
SR-mT2b: [208259,0.791362,0.859734]
SR-mT2c: [208259,0.945318,0.962593]
SR-Zjets: [208259,0.811248,0.868349]
