SR-WWa: [209541,0.413989,0.613584]
SR-WWb: [209541,0.487343,0.597019]
SR-WWc: [209541,0.272992,0.581032]
SR-mT2a: [209541,0.518922,0.626913]
SR-mT2b: [209541,0.554187,0.659482]
SR-mT2c: [209541,0.873661,0.878755]
SR-Zjets: [209541,0.646276,0.509536]
