SR-WWa: [209674,0.0497517,0.17765]
SR-WWb: [209674,0.0694508,0.142239]
SR-WWc: [209674,0.0997157,0.337332]
SR-mT2a: [209674,0.123728,0.206953]
SR-mT2b: [209674,0.938579,0.93456]
SR-mT2c: [209674,0.932932,0.928111]
SR-Zjets: [209674,0.694657,0.584342]
