SR-WWa: [210698,0.439813,0.577703]
SR-WWb: [210698,0.483925,0.560412]
SR-WWc: [210698,0.342248,0.655165]
SR-mT2a: [210698,0.533045,0.62402]
SR-mT2b: [210698,0.62504,0.786484]
SR-mT2c: [210698,0.923548,0.917219]
SR-Zjets: [210698,0.816684,0.812914]
