SR-WWa: [211751,0.761311,0.854678]
SR-WWb: [211751,0.718044,0.793141]
SR-WWc: [211751,0.737389,0.815727]
SR-mT2a: [211751,0.731675,0.805426]
SR-mT2b: [211751,0.901415,0.904303]
SR-mT2c: [211751,0.977322,0.976795]
SR-Zjets: [211751,0.802448,0.80963]
