SR-WWa: [211892,0.97513,0.986171]
SR-WWb: [211892,0.96353,0.967729]
SR-WWc: [211892,0.954069,0.951858]
SR-mT2a: [211892,0.962364,0.967734]
SR-mT2b: [211892,0.970574,0.969681]
SR-mT2c: [211892,0.993878,0.99384]
SR-Zjets: [211892,0.805939,0.830206]
