SR-WWa: [211923,0.484901,0.683212]
SR-WWb: [211923,0.510218,0.605661]
SR-WWc: [211923,0.308608,0.610631]
SR-mT2a: [211923,0.538296,0.64218]
SR-mT2b: [211923,0.552417,0.73562]
SR-mT2c: [211923,0.89623,0.907074]
SR-Zjets: [211923,0.836029,0.895435]
