SR-WWa: [212705,0.441876,0.657477]
SR-WWb: [212705,0.396805,0.551171]
SR-WWc: [212705,0.306124,0.610363]
SR-mT2a: [212705,0.467436,0.607436]
SR-mT2b: [212705,0.629395,0.771383]
SR-mT2c: [212705,0.80611,0.838115]
SR-Zjets: [212705,0.953675,0.951425]
