SR-WWa: [213227,0.54993,0.739893]
SR-WWb: [213227,0.493217,0.627481]
SR-WWc: [213227,0.382142,0.691242]
SR-mT2a: [213227,0.555656,0.67943]
SR-mT2b: [213227,0.64791,0.804086]
SR-mT2c: [213227,0.897101,0.927822]
SR-Zjets: [213227,0.848673,0.82169]
