SR-WWa: [213985,0.50409,0.695405]
SR-WWb: [213985,0.517655,0.622592]
SR-WWc: [213985,0.414524,0.672713]
SR-mT2a: [213985,0.562056,0.673962]
SR-mT2b: [213985,0.659552,0.792023]
SR-mT2c: [213985,0.880103,0.914573]
SR-Zjets: [213985,0.847639,0.853121]
