SR-WWa: [214329,0.454536,0.690428]
SR-WWb: [214329,0.428305,0.586513]
SR-WWc: [214329,0.318258,0.621071]
SR-mT2a: [214329,0.516981,0.653702]
SR-mT2b: [214329,0.607766,0.764804]
SR-mT2c: [214329,0.808158,0.814905]
SR-Zjets: [214329,0.921622,0.914956]
