SR-WWa: [215148,0.289277,0.525206]
SR-WWb: [215148,0.245909,0.391612]
SR-WWc: [215148,0.120781,0.411874]
SR-mT2a: [215148,0.307662,0.441743]
SR-mT2b: [215148,0.358768,0.591739]
SR-mT2c: [215148,0.898461,0.937678]
SR-Zjets: [215148,0.986051,0.985854]
