SR-WWa: [215281,0.653153,0.806324]
SR-WWb: [215281,0.567328,0.696335]
SR-WWc: [215281,0.48072,0.720252]
SR-mT2a: [215281,0.623012,0.73775]
SR-mT2b: [215281,0.69068,0.814063]
SR-mT2c: [215281,0.918046,0.923018]
SR-Zjets: [215281,0.842893,0.815518]
