SR-WWa: [215918,0.472593,0.647906]
SR-WWb: [215918,0.48807,0.608949]
SR-WWc: [215918,0.348006,0.658183]
SR-mT2a: [215918,0.558319,0.672144]
SR-mT2b: [215918,0.630256,0.776608]
SR-mT2c: [215918,0.793865,0.817169]
SR-Zjets: [215918,0.734729,0.766067]
