SR-WWa: [217056,0.46921,0.638477]
SR-WWb: [217056,0.456616,0.56157]
SR-WWc: [217056,0.222931,0.539722]
SR-mT2a: [217056,0.515749,0.628]
SR-mT2b: [217056,0.310434,0.550955]
SR-mT2c: [217056,0.911253,0.944173]
SR-Zjets: [217056,0.991236,0.991985]
