SR-WWa: [217228,0.705604,0.677807]
SR-WWb: [217228,0.381057,0.432566]
SR-WWc: [217228,0.71751,0.606291]
SR-mT2a: [217228,0.445232,0.50072]
SR-mT2b: [217228,0.654905,0.47306]
SR-mT2c: [217228,0.930142,0.924896]
SR-Zjets: [217228,0.362457,0.418084]
