SR-WWa: [217410,0.618879,0.783504]
SR-WWb: [217410,0.640343,0.730236]
SR-WWc: [217410,0.471233,0.727401]
SR-mT2a: [217410,0.663612,0.757281]
SR-mT2b: [217410,0.648992,0.801828]
SR-mT2c: [217410,0.941799,0.938203]
SR-Zjets: [217410,0.891073,0.877757]
