SR-WWa: [217593,0.749264,0.856025]
SR-WWb: [217593,0.650641,0.759482]
SR-WWc: [217593,0.736242,0.795555]
SR-mT2a: [217593,0.687855,0.780831]
SR-mT2b: [217593,0.911755,0.914479]
SR-mT2c: [217593,0.976906,0.97636]
SR-Zjets: [217593,0.837297,0.805681]
