SR-WWa: [217965,0.903573,0.950511]
SR-WWb: [217965,0.834703,0.89103]
SR-WWc: [217965,0.789467,0.853148]
SR-mT2a: [217965,0.836963,0.888138]
SR-mT2b: [217965,0.82636,0.852592]
SR-mT2c: [217965,0.900469,0.889467]
SR-Zjets: [217965,0.512829,0.508988]
