SR-WWa: [218036,0.654684,0.805102]
SR-WWb: [218036,0.605802,0.726091]
SR-WWc: [218036,0.485995,0.73487]
SR-mT2a: [218036,0.637626,0.745134]
SR-mT2b: [218036,0.78883,0.865158]
SR-mT2c: [218036,0.956053,0.960583]
SR-Zjets: [218036,0.847229,0.819682]
