SR-WWa: [218745,0.469076,0.706288]
SR-WWb: [218745,0.486887,0.635627]
SR-WWc: [218745,0.359034,0.648814]
SR-mT2a: [218745,0.569598,0.694256]
SR-mT2b: [218745,0.625689,0.771814]
SR-mT2c: [218745,0.873915,0.886972]
SR-Zjets: [218745,0.712228,0.791662]
