SR-WWa: [218908,0.762014,0.806677]
SR-WWb: [218908,0.603082,0.713697]
SR-WWc: [218908,0.565209,0.610943]
SR-mT2a: [218908,0.526867,0.656787]
SR-mT2b: [218908,0.78285,0.724226]
SR-mT2c: [218908,0.7863,0.728221]
SR-Zjets: [218908,0.68936,0.565246]
