SR-WWa: [219818,0.816098,0.895972]
SR-WWb: [219818,0.718948,0.805565]
SR-WWc: [219818,0.703327,0.784721]
SR-mT2a: [219818,0.737676,0.817547]
SR-mT2b: [219818,0.831869,0.837104]
SR-mT2c: [219818,0.921861,0.915238]
SR-Zjets: [219818,0.605487,0.647249]
