SR-WWa: [220146,0.635742,0.720825]
SR-WWb: [220146,0.462182,0.4694]
SR-WWc: [220146,0.532721,0.438449]
SR-mT2a: [220146,0.381076,0.427682]
SR-mT2b: [220146,0.797225,0.745649]
SR-mT2c: [220146,0.658653,0.755308]
SR-Zjets: [220146,0.438897,0.454433]
