SR-WWa: [220414,0.458839,0.674802]
SR-WWb: [220414,0.437331,0.59987]
SR-WWc: [220414,0.381828,0.670505]
SR-mT2a: [220414,0.518821,0.6518]
SR-mT2b: [220414,0.7358,0.83681]
SR-mT2c: [220414,0.867527,0.888689]
SR-Zjets: [220414,0.899522,0.888298]
