SR-WWa: [221216,0.591412,0.772347]
SR-WWb: [221216,0.546155,0.687837]
SR-WWc: [221216,0.468368,0.712899]
SR-mT2a: [221216,0.600883,0.725274]
SR-mT2b: [221216,0.754634,0.798528]
SR-mT2c: [221216,0.952893,0.950564]
SR-Zjets: [221216,0.849969,0.890697]
