SR-WWa: [222427,0.416728,0.601164]
SR-WWb: [222427,0.2301,0.358829]
SR-WWc: [222427,0.290385,0.38717]
SR-mT2a: [222427,0.290179,0.429424]
SR-mT2b: [222427,0.763767,0.6907]
SR-mT2c: [222427,0.809999,0.76543]
SR-Zjets: [222427,0.806037,0.803698]
