SR-WWa: [222633,0.587545,0.76502]
SR-WWb: [222633,0.588998,0.689501]
SR-WWc: [222633,0.478285,0.731775]
SR-mT2a: [222633,0.618258,0.723097]
SR-mT2b: [222633,0.680269,0.820904]
SR-mT2c: [222633,0.97548,0.974864]
SR-Zjets: [222633,0.840265,0.809899]
