SR-WWa: [223469,0.5993,0.761787]
SR-WWb: [223469,0.526693,0.65624]
SR-WWc: [223469,0.424164,0.721451]
SR-mT2a: [223469,0.565883,0.685573]
SR-mT2b: [223469,0.763124,0.855423]
SR-mT2c: [223469,0.984131,0.988054]
SR-Zjets: [223469,0.899155,0.887845]
