SR-WWa: [223783,0.562369,0.738659]
SR-WWb: [223783,0.480918,0.610713]
SR-WWc: [223783,0.432329,0.68564]
SR-mT2a: [223783,0.553442,0.67449]
SR-mT2b: [223783,0.714468,0.807511]
SR-mT2c: [223783,0.832395,0.868363]
SR-Zjets: [223783,0.816321,0.826797]
