SR-WWa: [224136,0.0730756,0.25473]
SR-WWb: [224136,0.0724503,0.177688]
SR-WWc: [224136,0.0739646,0.252467]
SR-mT2a: [224136,0.147135,0.248485]
SR-mT2b: [224136,0.105618,0.201605]
SR-mT2c: [224136,0.335582,0.24554]
SR-Zjets: [224136,0.990711,0.990624]
