SR-WWa: [224569,0.818688,0.88706]
SR-WWb: [224569,0.770656,0.825303]
SR-WWc: [224569,0.774158,0.83652]
SR-mT2a: [224569,0.777288,0.837109]
SR-mT2b: [224569,0.924272,0.933967]
SR-mT2c: [224569,0.988791,0.991341]
SR-Zjets: [224569,0.74556,0.737409]
