SR-WWa: [224696,0.431432,0.650392]
SR-WWb: [224696,0.403339,0.554287]
SR-WWc: [224696,0.335239,0.643575]
SR-mT2a: [224696,0.492686,0.624661]
SR-mT2b: [224696,0.709715,0.823589]
SR-mT2c: [224696,0.901776,0.891078]
SR-Zjets: [224696,0.851695,0.825871]
