SR-WWa: [225037,0.832919,0.891784]
SR-WWb: [225037,0.770126,0.831361]
SR-WWc: [225037,0.754321,0.847266]
SR-mT2a: [225037,0.763434,0.831641]
SR-mT2b: [225037,0.857081,0.885241]
SR-mT2c: [225037,0.973428,0.972703]
SR-Zjets: [225037,0.719111,0.708597]
