SR-WWa: [225488,0.794942,0.875731]
SR-WWb: [225488,0.735924,0.809325]
SR-WWc: [225488,0.777134,0.835352]
SR-mT2a: [225488,0.739369,0.812302]
SR-mT2b: [225488,0.912391,0.903979]
SR-mT2c: [225488,0.964707,0.963416]
SR-Zjets: [225488,0.697453,0.711475]
