SR-WWa: [225823,0.515338,0.732787]
SR-WWb: [225823,0.546056,0.693763]
SR-WWc: [225823,0.481414,0.754563]
SR-mT2a: [225823,0.628992,0.745669]
SR-mT2b: [225823,0.724119,0.841857]
SR-mT2c: [225823,0.920986,0.914207]
SR-Zjets: [225823,0.868353,0.848395]
