SR-WWa: [2262,0.824955,0.787812]
SR-WWb: [2262,0.685285,0.540753]
SR-WWc: [2262,0.712794,0.597071]
SR-mT2a: [2262,0.690327,0.551411]
SR-mT2b: [2262,0.752517,0.671127]
SR-mT2c: [2262,0.741015,0.715593]
SR-Zjets: [2262,0.985384,0.985168]
