SR-WWa: [227017,0.982292,0.9904]
SR-WWb: [227017,0.974536,0.977667]
SR-WWc: [227017,0.937748,0.955172]
SR-mT2a: [227017,0.962476,0.970185]
SR-mT2b: [227017,0.945595,0.942464]
SR-mT2c: [227017,0.946331,0.943287]
SR-Zjets: [227017,0.886127,0.871494]
