SR-WWa: [227084,0.317351,0.503017]
SR-WWb: [227084,0.196148,0.318418]
SR-WWc: [227084,0.148703,0.426214]
SR-mT2a: [227084,0.288411,0.411832]
SR-mT2b: [227084,0.24365,0.445985]
SR-mT2c: [227084,0.516351,0.56263]
SR-Zjets: [227084,0.984924,0.98826]
