SR-WWa: [227275,0.834571,0.88471]
SR-WWb: [227275,0.789962,0.820731]
SR-WWc: [227275,0.771037,0.844651]
SR-mT2a: [227275,0.780253,0.837879]
SR-mT2b: [227275,0.912215,0.921229]
SR-mT2c: [227275,0.955808,0.974073]
SR-Zjets: [227275,0.875459,0.857741]
