SR-WWa: [227687,0.423159,0.669521]
SR-WWb: [227687,0.372935,0.551084]
SR-WWc: [227687,0.321421,0.622641]
SR-mT2a: [227687,0.463837,0.610388]
SR-mT2b: [227687,0.58956,0.742913]
SR-mT2c: [227687,0.919086,0.918617]
SR-Zjets: [227687,0.839685,0.813547]
