SR-WWa: [228070,0.502699,0.700316]
SR-WWb: [228070,0.503705,0.629678]
SR-WWc: [228070,0.397661,0.676765]
SR-mT2a: [228070,0.561532,0.679868]
SR-mT2b: [228070,0.637647,0.776944]
SR-mT2c: [228070,0.839897,0.880777]
SR-Zjets: [228070,0.815129,0.863518]
