SR-WWa: [228123,0.435249,0.64125]
SR-WWb: [228123,0.480994,0.600796]
SR-WWc: [228123,0.330904,0.638794]
SR-mT2a: [228123,0.530718,0.645855]
SR-mT2b: [228123,0.63864,0.788965]
SR-mT2c: [228123,0.861759,0.901714]
SR-Zjets: [228123,0.76138,0.828008]
