SR-WWa: [228449,0.650159,0.803097]
SR-WWb: [228449,0.556323,0.683284]
SR-WWc: [228449,0.47581,0.71864]
SR-mT2a: [228449,0.609429,0.724748]
SR-mT2b: [228449,0.664812,0.802756]
SR-mT2c: [228449,0.800378,0.859268]
SR-Zjets: [228449,0.914493,0.910943]
