SR-WWa: [228705,0.418086,0.660137]
SR-WWb: [228705,0.437057,0.590128]
SR-WWc: [228705,0.337528,0.646328]
SR-mT2a: [228705,0.526385,0.655494]
SR-mT2b: [228705,0.607526,0.768896]
SR-mT2c: [228705,0.877606,0.880977]
SR-Zjets: [228705,0.879979,0.907748]
