SR-WWa: [229598,0.813344,0.900528]
SR-WWb: [229598,0.733128,0.818672]
SR-WWc: [229598,0.78494,0.821425]
SR-mT2a: [229598,0.753294,0.827313]
SR-mT2b: [229598,0.897147,0.885356]
SR-mT2c: [229598,0.941919,0.938337]
SR-Zjets: [229598,0.783058,0.795604]
