SR-WWa: [229616,0.555071,0.755006]
SR-WWb: [229616,0.533861,0.682261]
SR-WWc: [229616,0.528916,0.733794]
SR-mT2a: [229616,0.620169,0.739514]
SR-mT2b: [229616,0.804286,0.856463]
SR-mT2c: [229616,0.913349,0.913556]
SR-Zjets: [229616,0.842625,0.813233]
