SR-WWa: [230269,0.546334,0.721713]
SR-WWb: [230269,0.502652,0.638216]
SR-WWc: [230269,0.412214,0.693021]
SR-mT2a: [230269,0.577637,0.695616]
SR-mT2b: [230269,0.644801,0.781976]
SR-mT2c: [230269,0.87246,0.853815]
SR-Zjets: [230269,0.875652,0.857994]
