SR-WWa: [230470,0.477051,0.663463]
SR-WWb: [230470,0.451381,0.585065]
SR-WWc: [230470,0.37112,0.661405]
SR-mT2a: [230470,0.528628,0.653603]
SR-mT2b: [230470,0.688666,0.808048]
SR-mT2c: [230470,0.92082,0.914344]
SR-Zjets: [230470,0.732643,0.721255]
