SR-WWa: [230787,0.621252,0.782608]
SR-WWb: [230787,0.574345,0.705405]
SR-WWc: [230787,0.543076,0.751709]
SR-mT2a: [230787,0.645417,0.755954]
SR-mT2b: [230787,0.760853,0.863152]
SR-mT2c: [230787,0.916317,0.942724]
SR-Zjets: [230787,0.849261,0.906185]
