SR-WWa: [230701,0.538624,0.748931]
SR-WWb: [230701,0.476763,0.647774]
SR-WWc: [230701,0.499661,0.715902]
SR-mT2a: [230701,0.580899,0.711238]
SR-mT2b: [230701,0.705816,0.805802]
SR-mT2c: [230701,0.991846,0.991779]
SR-Zjets: [230701,0.742491,0.765987]
