SR-WWa: [2308,0.956951,0.955014]
SR-WWb: [2308,0.967738,0.968916]
SR-WWc: [2308,0.925668,0.919699]
SR-mT2a: [2308,0.965733,0.964517]
SR-mT2b: [2308,0.940013,0.936185]
SR-mT2c: [2308,0.946528,0.943507]
SR-Zjets: [2308,-1,-1]
