SR-WWa: [231471,0.430011,0.63965]
SR-WWb: [231471,0.362102,0.467286]
SR-WWc: [231471,0.506117,0.410939]
SR-mT2a: [231471,0.413844,0.513042]
SR-mT2b: [231471,0.667556,0.543402]
SR-mT2c: [231471,0.717221,0.60573]
SR-Zjets: [231471,0.239885,0.243819]
