SR-WWa: [231751,0.311827,0.517958]
SR-WWb: [231751,0.26373,0.349325]
SR-WWc: [231751,0.327124,0.56099]
SR-mT2a: [231751,0.266885,0.384914]
SR-mT2b: [231751,0.620875,0.665048]
SR-mT2c: [231751,0.781197,0.72941]
SR-Zjets: [231751,0.483685,0.495403]
