SR-WWa: [231921,0.818492,0.894795]
SR-WWb: [231921,0.763182,0.823777]
SR-WWc: [231921,0.773527,0.814603]
SR-mT2a: [231921,0.740599,0.815511]
SR-mT2b: [231921,0.883697,0.893878]
SR-mT2c: [231921,0.986974,0.986802]
SR-Zjets: [231921,0.735956,0.777602]
