SR-WWa: [233201,0.789013,0.868283]
SR-WWb: [233201,0.7152,0.790806]
SR-WWc: [233201,0.74102,0.799115]
SR-mT2a: [233201,0.739917,0.814177]
SR-mT2b: [233201,0.91385,0.905728]
SR-mT2c: [233201,0.968956,0.979259]
SR-Zjets: [233201,0.705668,0.7459]
