SR-WWa: [233206,0.557691,0.708251]
SR-WWb: [233206,0.314745,0.429985]
SR-WWc: [233206,0.209916,0.323962]
SR-mT2a: [233206,0.246885,0.367911]
SR-mT2b: [233206,0.304478,0.46431]
SR-mT2c: [233206,0.785808,0.727424]
SR-Zjets: [233206,0.56455,0.516303]
