SR-WWa: [233747,0.503334,0.706469]
SR-WWb: [233747,0.481576,0.605922]
SR-WWc: [233747,0.318583,0.621405]
SR-mT2a: [233747,0.528837,0.653655]
SR-mT2b: [233747,0.645464,0.765596]
SR-mT2c: [233747,0.773109,0.810164]
SR-Zjets: [233747,0.739967,0.720864]
