SR-WWa: [233885,0.807617,0.897997]
SR-WWb: [233885,0.742735,0.82053]
SR-WWc: [233885,0.797139,0.8401]
SR-mT2a: [233885,0.772924,0.841872]
SR-mT2b: [233885,0.920307,0.913406]
SR-mT2c: [233885,0.972466,0.971686]
SR-Zjets: [233885,0.856171,0.832009]
