SR-WWa: [233949,0.495691,0.657361]
SR-WWb: [233949,0.561718,0.675734]
SR-WWc: [233949,0.593226,0.551781]
SR-mT2a: [233949,0.610401,0.705365]
SR-mT2b: [233949,0.856056,0.831851]
SR-mT2c: [233949,0.894108,0.881567]
SR-Zjets: [233949,0.0560324,0.0692756]
