SR-WWa: [234071,0.732134,0.87392]
SR-WWb: [234071,0.619076,0.763198]
SR-WWc: [234071,0.698459,0.752632]
SR-mT2a: [234071,0.574789,0.683689]
SR-mT2b: [234071,0.883448,0.868072]
SR-mT2c: [234071,0.954559,0.952396]
SR-Zjets: [234071,0.570168,0.680665]
