SR-WWa: [234628,0.488937,0.707023]
SR-WWb: [234628,0.488562,0.633986]
SR-WWc: [234628,0.421233,0.698502]
SR-mT2a: [234628,0.573474,0.696368]
SR-mT2b: [234628,0.656605,0.795166]
SR-mT2c: [234628,0.809083,0.826062]
SR-Zjets: [234628,0.848602,0.879107]
