SR-WWa: [234634,0.502453,0.698686]
SR-WWb: [234634,0.449189,0.582186]
SR-WWc: [234634,0.394271,0.675166]
SR-mT2a: [234634,0.521097,0.643992]
SR-mT2b: [234634,0.599915,0.76619]
SR-mT2c: [234634,0.766313,0.839319]
SR-Zjets: [234634,0.939586,0.935701]
