SR-WWa: [234711,0.864475,0.918567]
SR-WWb: [234711,0.768731,0.843346]
SR-WWc: [234711,0.718961,0.842285]
SR-mT2a: [234711,0.783279,0.854569]
SR-mT2b: [234711,0.908807,0.921807]
SR-mT2c: [234711,0.978101,0.977611]
SR-Zjets: [234711,0.760533,0.823457]
