SR-WWa: [235770,0.50827,0.725974]
SR-WWb: [235770,0.515068,0.66415]
SR-WWc: [235770,0.474446,0.730952]
SR-mT2a: [235770,0.570383,0.69745]
SR-mT2b: [235770,0.594126,0.754277]
SR-mT2c: [235770,0.839698,0.891359]
SR-Zjets: [235770,0.90276,0.91758]
