SR-WWa: [235813,0.800935,0.891852]
SR-WWb: [235813,0.733079,0.803789]
SR-WWc: [235813,0.754823,0.82387]
SR-mT2a: [235813,0.736839,0.813228]
SR-mT2b: [235813,0.893852,0.881246]
SR-mT2c: [235813,0.963882,0.962528]
SR-Zjets: [235813,0.809127,0.82166]
