SR-WWa: [236567,0.725361,0.837374]
SR-WWb: [236567,0.650194,0.749838]
SR-WWc: [236567,0.651925,0.793499]
SR-mT2a: [236567,0.645273,0.753977]
SR-mT2b: [236567,0.919101,0.916714]
SR-mT2c: [236567,0.968985,0.967993]
SR-Zjets: [236567,0.713226,0.722761]
