SR-WWa: [238254,0.50874,0.720077]
SR-WWb: [238254,0.524015,0.66077]
SR-WWc: [238254,0.425382,0.697181]
SR-mT2a: [238254,0.583072,0.703504]
SR-mT2b: [238254,0.730421,0.804491]
SR-mT2c: [238254,0.924871,0.918768]
SR-Zjets: [238254,0.940426,0.936652]
