SR-WWa: [238352,0.470021,0.682506]
SR-WWb: [238352,0.420175,0.571421]
SR-WWc: [238352,0.349875,0.624966]
SR-mT2a: [238352,0.489852,0.628721]
SR-mT2b: [238352,0.649985,0.764272]
SR-mT2c: [238352,0.853311,0.883005]
SR-Zjets: [238352,0.759038,0.802416]
