SR-WWa: [2390,0.934625,0.930052]
SR-WWb: [2390,0.962173,0.973959]
SR-WWc: [2390,0.725291,0.865895]
SR-mT2a: [2390,0.905384,0.912667]
SR-mT2b: [2390,0.966181,0.964997]
SR-mT2c: [2390,0.95603,0.966057]
SR-Zjets: [2390,0.982933,0.982637]
