SR-WWa: [239545,0.877057,0.932634]
SR-WWb: [239545,0.784806,0.847876]
SR-WWc: [239545,0.800466,0.844826]
SR-mT2a: [239545,0.787098,0.849408]
SR-mT2b: [239545,0.900279,0.898681]
SR-mT2c: [239545,0.969202,0.968223]
SR-Zjets: [239545,0.78916,0.754566]
