SR-WWa: [239687,0.640321,0.788194]
SR-WWb: [239687,0.601328,0.710199]
SR-WWc: [239687,0.458412,0.735523]
SR-mT2a: [239687,0.657907,0.75295]
SR-mT2b: [239687,0.650557,0.805671]
SR-mT2c: [239687,0.891155,0.920285]
SR-Zjets: [239687,0.884457,0.873948]
