SR-WWa: [239755,0.568284,0.755237]
SR-WWb: [239755,0.523988,0.642987]
SR-WWc: [239755,0.419957,0.693987]
SR-mT2a: [239755,0.592911,0.703117]
SR-mT2b: [239755,0.705365,0.815971]
SR-mT2c: [239755,0.888272,0.874219]
SR-Zjets: [239755,0.92231,0.915766]
