SR-WWa: [240042,0.417002,0.651119]
SR-WWb: [240042,0.414216,0.555662]
SR-WWc: [240042,0.28768,0.585833]
SR-mT2a: [240042,0.488126,0.621381]
SR-mT2b: [240042,0.644941,0.775415]
SR-mT2c: [240042,0.88283,0.897828]
SR-Zjets: [240042,0.877851,0.860854]
