SR-WWa: [240387,0.560118,0.763041]
SR-WWb: [240387,0.562706,0.691799]
SR-WWc: [240387,0.505395,0.734466]
SR-mT2a: [240387,0.626862,0.7384]
SR-mT2b: [240387,0.646237,0.780545]
SR-mT2c: [240387,0.806557,0.790854]
SR-Zjets: [240387,0.81121,0.780246]
