SR-WWa: [240568,0.666565,0.819331]
SR-WWb: [240568,0.586142,0.702896]
SR-WWc: [240568,0.563975,0.749647]
SR-mT2a: [240568,0.630758,0.738882]
SR-mT2b: [240568,0.81932,0.842769]
SR-mT2c: [240568,0.955592,0.953528]
SR-Zjets: [240568,0.863639,0.842108]
