SR-WWa: [240688,0.579838,0.770059]
SR-WWb: [240688,0.558628,0.69705]
SR-WWc: [240688,0.51414,0.732734]
SR-mT2a: [240688,0.626276,0.741401]
SR-mT2b: [240688,0.665105,0.789509]
SR-mT2c: [240688,0.928054,0.949679]
SR-Zjets: [240688,0.889328,0.875555]
