SR-WWa: [240715,0.323903,0.562112]
SR-WWb: [240715,0.359171,0.482452]
SR-WWc: [240715,0.475945,0.439754]
SR-mT2a: [240715,0.34199,0.454955]
SR-mT2b: [240715,0.595551,0.737499]
SR-mT2c: [240715,0.917465,0.91702]
SR-Zjets: [240715,0.178561,0.203658]
