SR-WWa: [241606,0.442005,0.67171]
SR-WWb: [241606,0.388491,0.541073]
SR-WWc: [241606,0.295181,0.598641]
SR-mT2a: [241606,0.46029,0.597721]
SR-mT2b: [241606,0.515704,0.70003]
SR-mT2c: [241606,0.813541,0.864636]
SR-Zjets: [241606,0.856852,0.832937]
