SR-WWa: [241789,0.475701,0.702098]
SR-WWb: [241789,0.419757,0.576865]
SR-WWc: [241789,0.372899,0.670821]
SR-mT2a: [241789,0.517004,0.651435]
SR-mT2b: [241789,0.588044,0.738181]
SR-mT2c: [241789,0.803327,0.812304]
SR-Zjets: [241789,0.867206,0.902305]
