SR-WWa: [242699,0.856166,0.915071]
SR-WWb: [242699,0.801485,0.858084]
SR-WWc: [242699,0.82826,0.882404]
SR-mT2a: [242699,0.819219,0.874153]
SR-mT2b: [242699,0.91449,0.935537]
SR-mT2c: [242699,0.987363,0.987201]
SR-Zjets: [242699,0.752003,0.77966]
