SR-WWa: [243719,0.889415,0.922537]
SR-WWb: [243719,0.825239,0.837711]
SR-WWc: [243719,0.668366,0.806336]
SR-mT2a: [243719,0.800721,0.842949]
SR-mT2b: [243719,0.865435,0.853278]
SR-mT2c: [243719,0.8549,0.839347]
SR-Zjets: [243719,0.697863,0.768413]
