SR-WWa: [243795,0.834113,0.907028]
SR-WWb: [243795,0.759972,0.826308]
SR-WWc: [243795,0.757817,0.818264]
SR-mT2a: [243795,0.764565,0.833889]
SR-mT2b: [243795,0.827594,0.870256]
SR-mT2c: [243795,0.943372,0.940897]
SR-Zjets: [243795,0.719963,0.706859]
