SR-WWa: [244014,0.526715,0.723951]
SR-WWb: [244014,0.537203,0.652665]
SR-WWc: [244014,0.399012,0.686572]
SR-mT2a: [244014,0.593393,0.705439]
SR-mT2b: [244014,0.709074,0.837065]
SR-mT2c: [244014,0.869654,0.893536]
SR-Zjets: [244014,0.873965,0.891046]
