SR-WWa: [244692,0.552127,0.739456]
SR-WWb: [244692,0.519107,0.660359]
SR-WWc: [244692,0.42954,0.696545]
SR-mT2a: [244692,0.58837,0.709076]
SR-mT2b: [244692,0.643038,0.781144]
SR-mT2c: [244692,0.854518,0.895863]
SR-Zjets: [244692,0.782274,0.837644]
