SR-WWa: [246068,0.676904,0.834611]
SR-WWb: [246068,0.651007,0.758223]
SR-WWc: [246068,0.552352,0.778585]
SR-mT2a: [246068,0.700588,0.792396]
SR-mT2b: [246068,0.72524,0.837575]
SR-mT2c: [246068,0.954851,0.952717]
SR-Zjets: [246068,0.816853,0.807493]
