SR-WWa: [246195,0.59893,0.77262]
SR-WWb: [246195,0.554912,0.690846]
SR-WWc: [246195,0.446463,0.709356]
SR-mT2a: [246195,0.607917,0.727967]
SR-mT2b: [246195,0.718433,0.807312]
SR-mT2c: [246195,0.907235,0.89775]
SR-Zjets: [246195,0.918524,0.911297]
