SR-WWa: [246297,0.577075,0.76396]
SR-WWb: [246297,0.47088,0.642607]
SR-WWc: [246297,0.435592,0.712061]
SR-mT2a: [246297,0.578165,0.707601]
SR-mT2b: [246297,0.78761,0.839137]
SR-mT2c: [246297,0.925307,0.919278]
SR-Zjets: [246297,0.866412,0.845815]
