SR-WWa: [247033,0.785837,0.87127]
SR-WWb: [247033,0.748875,0.803924]
SR-WWc: [247033,0.665587,0.79821]
SR-mT2a: [247033,0.761308,0.827501]
SR-mT2b: [247033,0.894784,0.899611]
SR-mT2c: [247033,0.969203,0.968224]
SR-Zjets: [247033,0.830882,0.855978]
