SR-WWa: [247290,0.509153,0.715223]
SR-WWb: [247290,0.443072,0.600472]
SR-WWc: [247290,0.426497,0.678807]
SR-mT2a: [247290,0.531366,0.665915]
SR-mT2b: [247290,0.598436,0.750491]
SR-mT2c: [247290,0.921168,0.950508]
SR-Zjets: [247290,0.855934,0.831685]
