SR-WWa: [247235,0.864609,0.922797]
SR-WWb: [247235,0.832787,0.883881]
SR-WWc: [247235,0.783802,0.873483]
SR-mT2a: [247235,0.819238,0.879071]
SR-mT2b: [247235,0.872909,0.901541]
SR-mT2c: [247235,0.939243,0.948514]
SR-Zjets: [247235,0.806569,0.837484]
