SR-WWa: [247319,0.440911,0.674925]
SR-WWb: [247319,0.394349,0.55548]
SR-WWc: [247319,0.284937,0.606331]
SR-mT2a: [247319,0.48331,0.621841]
SR-mT2b: [247319,0.542696,0.719103]
SR-mT2c: [247319,0.86957,0.886425]
SR-Zjets: [247319,0.864889,0.843782]
