SR-WWa: [247435,0.854966,0.919208]
SR-WWb: [247435,0.80131,0.850858]
SR-WWc: [247435,0.742381,0.83477]
SR-mT2a: [247435,0.797415,0.856089]
SR-mT2b: [247435,0.919816,0.912826]
SR-mT2c: [247435,0.98481,0.984576]
SR-Zjets: [247435,0.775213,0.779145]
