SR-WWa: [247768,0.618666,0.793389]
SR-WWb: [247768,0.587222,0.723365]
SR-WWc: [247768,0.523391,0.762726]
SR-mT2a: [247768,0.644321,0.758685]
SR-mT2b: [247768,0.69903,0.825261]
SR-mT2c: [247768,0.866634,0.88132]
SR-Zjets: [247768,0.83096,0.851424]
