SR-WWa: [24818,0.438288,0.571545]
SR-WWb: [24818,0.386743,0.485062]
SR-WWc: [24818,0.30128,0.52792]
SR-mT2a: [24818,0.433171,0.54087]
SR-mT2b: [24818,0.624387,0.651962]
SR-mT2c: [24818,0.763629,0.690464]
SR-Zjets: [24818,0.749254,0.665339]
