SR-WWa: [248903,0.848313,0.910406]
SR-WWb: [248903,0.82847,0.867593]
SR-WWc: [248903,0.832013,0.884412]
SR-mT2a: [248903,0.8229,0.877162]
SR-mT2b: [248903,0.919968,0.91738]
SR-mT2c: [248903,0.974622,0.973961]
SR-Zjets: [248903,0.852428,0.87731]
