SR-WWa: [248908,0.507142,0.714473]
SR-WWb: [248908,0.474388,0.619937]
SR-WWc: [248908,0.354563,0.661898]
SR-mT2a: [248908,0.538663,0.666359]
SR-mT2b: [248908,0.544967,0.72541]
SR-mT2c: [248908,0.878977,0.889971]
SR-Zjets: [248908,0.859788,0.905326]
