SR-WWa: [250569,0.789427,0.870559]
SR-WWb: [250569,0.714848,0.794059]
SR-WWc: [250569,0.803245,0.810672]
SR-mT2a: [250569,0.738379,0.808571]
SR-mT2b: [250569,0.886103,0.871462]
SR-mT2c: [250569,0.96312,0.964453]
SR-Zjets: [250569,0.886929,0.912978]
