SR-WWa: [250815,0.647814,0.788421]
SR-WWb: [250815,0.643118,0.715409]
SR-WWc: [250815,0.402357,0.700777]
SR-mT2a: [250815,0.659317,0.737098]
SR-mT2b: [250815,0.617901,0.785706]
SR-mT2c: [250815,0.840193,0.868749]
SR-Zjets: [250815,0.798602,0.816112]
