SR-WWa: [251583,0.536511,0.734839]
SR-WWb: [251583,0.58793,0.696262]
SR-WWc: [251583,0.518499,0.773143]
SR-mT2a: [251583,0.638135,0.74068]
SR-mT2b: [251583,0.671243,0.816348]
SR-mT2c: [251583,0.856195,0.893329]
SR-Zjets: [251583,0.861783,0.839614]
