SR-WWa: [25210,0.0146899,0.0856982]
SR-WWb: [25210,0.0357078,0.098855]
SR-WWc: [25210,0.022066,0.159637]
SR-mT2a: [25210,0.0778629,0.151172]
SR-mT2b: [25210,0.105824,0.266788]
SR-mT2c: [25210,0.585323,0.681578]
SR-Zjets: [25210,0.974548,0.973883]
