SR-WWa: [252928,0.524553,0.739022]
SR-WWb: [252928,0.468922,0.63114]
SR-WWc: [252928,0.352071,0.648719]
SR-mT2a: [252928,0.560839,0.690741]
SR-mT2b: [252928,0.593,0.745377]
SR-mT2c: [252928,0.8481,0.857019]
SR-Zjets: [252928,0.84632,0.83804]
