SR-WWa: [253055,0.900729,0.93441]
SR-WWb: [253055,0.827514,0.858076]
SR-WWc: [253055,0.872171,0.861041]
SR-mT2a: [253055,0.819661,0.863026]
SR-mT2b: [253055,0.898435,0.886954]
SR-mT2c: [253055,0.970646,0.969758]
SR-Zjets: [253055,0.682443,0.679356]
