SR-WWa: [254770,0.73966,0.858532]
SR-WWb: [254770,0.719315,0.797785]
SR-WWc: [254770,0.563903,0.787672]
SR-mT2a: [254770,0.742163,0.819276]
SR-mT2b: [254770,0.72329,0.831179]
SR-mT2c: [254770,0.893298,0.898623]
SR-Zjets: [254770,0.833505,0.813705]
