SR-WWa: [255169,0.583517,0.763203]
SR-WWb: [255169,0.571077,0.687457]
SR-WWc: [255169,0.455363,0.715831]
SR-mT2a: [255169,0.634826,0.738711]
SR-mT2b: [255169,0.68482,0.809641]
SR-mT2c: [255169,0.892762,0.892335]
SR-Zjets: [255169,0.878796,0.87605]
