SR-WWa: [255246,0.678014,0.817749]
SR-WWb: [255246,0.63047,0.718993]
SR-WWc: [255246,0.487298,0.732132]
SR-mT2a: [255246,0.659004,0.752791]
SR-mT2b: [255246,0.649865,0.802013]
SR-mT2c: [255246,0.97293,0.972177]
SR-Zjets: [255246,0.813479,0.771381]
