SR-WWa: [255369,0.859698,0.921208]
SR-WWb: [255369,0.789722,0.848121]
SR-WWc: [255369,0.784441,0.842653]
SR-mT2a: [255369,0.797103,0.857012]
SR-mT2b: [255369,0.874258,0.871153]
SR-mT2c: [255369,0.939311,0.93539]
SR-Zjets: [255369,0.745395,0.734271]
