SR-WWa: [255302,0.869917,0.909364]
SR-WWb: [255302,0.802872,0.855301]
SR-WWc: [255302,0.838351,0.852682]
SR-mT2a: [255302,0.815911,0.865981]
SR-mT2b: [255302,0.892084,0.912139]
SR-mT2c: [255302,0.958956,0.972747]
SR-Zjets: [255302,0.867554,0.859427]
