SR-WWa: [266497,0.368813,0.596768]
SR-WWb: [266497,0.397854,0.548952]
SR-WWc: [266497,0.35644,0.654157]
SR-mT2a: [266497,0.489753,0.625376]
SR-mT2b: [266497,0.596177,0.767065]
SR-mT2c: [266497,0.86019,0.837466]
SR-Zjets: [266497,0.856279,0.832156]
