SR-WWa: [29881,0.511141,0.719283]
SR-WWb: [29881,0.509294,0.652998]
SR-WWc: [29881,0.480057,0.711245]
SR-mT2a: [29881,0.586295,0.708556]
SR-mT2b: [29881,0.750235,0.829099]
SR-mT2c: [29881,0.899208,0.88791]
SR-Zjets: [29881,0.778961,0.764472]
