SR-WWa: [30482,0.494383,0.697338]
SR-WWb: [30482,0.444345,0.590479]
SR-WWc: [30482,0.427917,0.666306]
SR-mT2a: [30482,0.511045,0.643069]
SR-mT2b: [30482,0.698705,0.781172]
SR-mT2c: [30482,0.918136,0.910836]
SR-Zjets: [30482,0.693296,0.756016]
