SR-WWa: [33726,0.874649,0.93894]
SR-WWb: [33726,0.828996,0.893579]
SR-WWc: [33726,0.814296,0.888422]
SR-mT2a: [33726,0.809444,0.879018]
SR-mT2b: [33726,0.877144,0.898051]
SR-mT2c: [33726,0.978273,0.98692]
SR-Zjets: [33726,0.769515,0.705473]
