SR-WWa: [339304,0.950161,0.947546]
SR-WWb: [339304,0.926779,0.920994]
SR-WWc: [339304,0.931184,0.931096]
SR-mT2a: [339304,0.917489,0.929632]
SR-mT2b: [339304,0.98195,0.981618]
SR-mT2c: [339304,0.979358,0.978923]
SR-Zjets: [339304,0.894627,0.882216]
