SR-WWa: [341080,0.423015,0.652577]
SR-WWb: [341080,0.477025,0.621825]
SR-WWc: [341080,0.338268,0.645646]
SR-mT2a: [341080,0.547546,0.674095]
SR-mT2b: [341080,0.603097,0.76682]
SR-mT2c: [341080,0.753191,0.796971]
SR-Zjets: [341080,0.896058,0.884001]
