SR-WWa: [342006,0.92538,0.960506]
SR-WWb: [342006,0.857247,0.900549]
SR-WWc: [342006,0.833914,0.876924]
SR-mT2a: [342006,0.855722,0.898008]
SR-mT2b: [342006,0.864749,0.876139]
SR-mT2c: [342006,0.895123,0.882836]
SR-Zjets: [342006,0.517289,0.537877]
