SR-WWa: [34529,0.732531,0.722743]
SR-WWb: [34529,0.830764,0.796289]
SR-WWc: [34529,0.885673,0.870915]
SR-mT2a: [34529,0.83943,0.808716]
SR-mT2b: [34529,0.797411,0.863667]
SR-mT2c: [34529,0.681411,0.781887]
SR-Zjets: [34529,0.713963,0.599367]
