SR-WWa: [346341,0.709958,0.695572]
SR-WWb: [346341,0.522419,0.54277]
SR-WWc: [346341,0.469582,0.600805]
SR-mT2a: [346341,0.487416,0.554056]
SR-mT2b: [346341,0.49791,0.534873]
SR-mT2c: [346341,0.961208,0.959643]
SR-Zjets: [346341,0.505583,0.382589]
