SR-WWa: [349796,0.442529,0.647345]
SR-WWb: [349796,0.433451,0.549045]
SR-WWc: [349796,0.278424,0.580186]
SR-mT2a: [349796,0.471629,0.587083]
SR-mT2b: [349796,0.601853,0.751453]
SR-mT2c: [349796,0.917209,0.912059]
SR-Zjets: [349796,0.833064,0.807549]
