SR-WWa: [35052,0.984372,0.991891]
SR-WWb: [35052,0.965839,0.98007]
SR-WWc: [35052,0.927685,0.96759]
SR-mT2a: [35052,0.958889,0.974637]
SR-mT2b: [35052,0.943836,0.956337]
SR-mT2c: [35052,0.927797,0.940085]
SR-Zjets: [35052,0.789036,0.818989]
