SR-WWa: [351317,0.574147,0.750701]
SR-WWb: [351317,0.520871,0.657328]
SR-WWc: [351317,0.551087,0.744172]
SR-mT2a: [351317,0.60382,0.721712]
SR-mT2b: [351317,0.869911,0.864921]
SR-mT2c: [351317,0.957651,0.959319]
SR-Zjets: [351317,0.961537,0.959998]
