SR-WWa: [35411,0.00797579,0.03931]
SR-WWb: [35411,0.0167634,0.0389316]
SR-WWc: [35411,0.00722514,0.0774803]
SR-mT2a: [35411,0.0292003,0.0601284]
SR-mT2b: [35411,0.175616,0.331988]
SR-mT2c: [35411,0.668868,0.504937]
SR-Zjets: [35411,0.684626,0.563829]
