SR-WWa: [357207,0.534467,0.742043]
SR-WWb: [357207,0.477654,0.633235]
SR-WWc: [357207,0.35794,0.659326]
SR-mT2a: [357207,0.545101,0.675239]
SR-mT2b: [357207,0.640544,0.790448]
SR-mT2c: [357207,0.792592,0.814746]
SR-Zjets: [357207,0.852658,0.845172]
