SR-WWa: [357914,0.852256,0.932916]
SR-WWb: [357914,0.89403,0.912253]
SR-WWc: [357914,0.934703,0.930142]
SR-mT2a: [357914,0.905529,0.928053]
SR-mT2b: [357914,0.94976,0.960923]
SR-mT2c: [357914,0.995905,0.995888]
SR-Zjets: [357914,-1,-1]
