SR-WWa: [359433,0.474841,0.648339]
SR-WWb: [359433,0.504569,0.615167]
SR-WWc: [359433,0.39569,0.659852]
SR-mT2a: [359433,0.5189,0.637263]
SR-mT2b: [359433,0.687566,0.793516]
SR-mT2c: [359433,0.961982,0.969567]
SR-Zjets: [359433,0.912637,0.904274]
