SR-WWa: [36234,0.648075,0.795943]
SR-WWb: [36234,0.641443,0.706486]
SR-WWc: [36234,0.518183,0.738899]
SR-mT2a: [36234,0.651326,0.737982]
SR-mT2b: [36234,0.832902,0.889814]
SR-mT2c: [36234,0.903968,0.93614]
SR-Zjets: [36234,0.832966,0.799471]
