SR-WWa: [365152,0.533687,0.715855]
SR-WWb: [365152,0.469842,0.595667]
SR-WWc: [365152,0.360745,0.632515]
SR-mT2a: [365152,0.51153,0.636083]
SR-mT2b: [365152,0.667198,0.785033]
SR-mT2c: [365152,0.943969,0.940644]
SR-Zjets: [365152,0.795369,0.749176]
