SR-WWa: [366094,0.967708,0.981491]
SR-WWb: [366094,0.927974,0.954567]
SR-WWc: [366094,0.886821,0.954037]
SR-mT2a: [366094,0.936931,0.960706]
SR-mT2b: [366094,0.904908,0.948771]
SR-mT2c: [366094,0.973295,0.983124]
SR-Zjets: [366094,0.856746,0.896202]
