SR-WWa: [36961,0.64103,0.813059]
SR-WWb: [36961,0.608109,0.72178]
SR-WWc: [36961,0.468742,0.715169]
SR-mT2a: [36961,0.647486,0.75146]
SR-mT2b: [36961,0.790587,0.867651]
SR-mT2c: [36961,0.922338,0.926069]
SR-Zjets: [36961,0.845261,0.816934]
