SR-WWa: [370842,0.551835,0.745601]
SR-WWb: [370842,0.563567,0.69426]
SR-WWc: [370842,0.515964,0.748429]
SR-mT2a: [370842,0.629776,0.742391]
SR-mT2b: [370842,0.728834,0.849479]
SR-mT2c: [370842,0.858281,0.905499]
SR-Zjets: [370842,0.753505,0.831857]
