SR-WWa: [371702,0.513211,0.733128]
SR-WWb: [371702,0.512343,0.663032]
SR-WWc: [371702,0.402445,0.701835]
SR-mT2a: [371702,0.597329,0.716643]
SR-mT2b: [371702,0.747025,0.856545]
SR-mT2c: [371702,0.936447,0.932134]
SR-Zjets: [371702,0.937893,0.9638]
