SR-WWa: [37175,0.538343,0.731635]
SR-WWb: [37175,0.482763,0.615988]
SR-WWc: [37175,0.339993,0.647401]
SR-mT2a: [37175,0.522406,0.649954]
SR-mT2b: [37175,0.617025,0.758624]
SR-mT2c: [37175,0.915072,0.907189]
SR-Zjets: [37175,0.797875,0.746671]
