SR-WWa: [378351,0.769703,0.883144]
SR-WWb: [378351,0.735697,0.828677]
SR-WWc: [378351,0.723488,0.839821]
SR-mT2a: [378351,0.772657,0.851716]
SR-mT2b: [378351,0.90687,0.897306]
SR-mT2c: [378351,0.974365,0.973691]
SR-Zjets: [378351,0.882956,0.867441]
