SR-WWa: [378316,0.699048,0.802732]
SR-WWb: [378316,0.637388,0.698259]
SR-WWc: [378316,0.461848,0.689092]
SR-mT2a: [378316,0.669439,0.748254]
SR-mT2b: [378316,0.620936,0.755694]
SR-mT2c: [378316,0.793264,0.847172]
SR-Zjets: [378316,0.931013,0.935997]
