SR-WWa: [379231,0.494743,0.676063]
SR-WWb: [379231,0.449604,0.563911]
SR-WWc: [379231,0.380155,0.62774]
SR-mT2a: [379231,0.506504,0.624743]
SR-mT2b: [379231,0.629453,0.775213]
SR-mT2c: [379231,0.891507,0.932357]
SR-Zjets: [379231,0.952941,0.950617]
