SR-WWa: [379342,0.433385,0.645275]
SR-WWb: [379342,0.448861,0.582205]
SR-WWc: [379342,0.496404,0.648256]
SR-mT2a: [379342,0.513209,0.644434]
SR-mT2b: [379342,0.844444,0.815789]
SR-mT2c: [379342,0.893723,0.881085]
SR-Zjets: [379342,0.992661,0.992606]
