SR-WWa: [379610,0.852745,0.916774]
SR-WWb: [379610,0.773472,0.836099]
SR-WWc: [379610,0.752889,0.860351]
SR-mT2a: [379610,0.782619,0.850178]
SR-mT2b: [379610,0.902705,0.91436]
SR-mT2c: [379610,0.9619,0.960391]
SR-Zjets: [379610,0.737616,0.73296]
