SR-WWa: [379773,0.677004,0.809058]
SR-WWb: [379773,0.577873,0.691556]
SR-WWc: [379773,0.588496,0.720342]
SR-mT2a: [379773,0.594208,0.712584]
SR-mT2b: [379773,0.834999,0.826581]
SR-mT2c: [379773,0.955323,0.955107]
SR-Zjets: [379773,0.834411,0.896045]
