SR-WWa: [379799,0.699697,0.815132]
SR-WWb: [379799,0.629407,0.714698]
SR-WWc: [379799,0.747941,0.837191]
SR-mT2a: [379799,0.680725,0.758024]
SR-mT2b: [379799,0.829898,0.889137]
SR-mT2c: [379799,0.987537,0.987379]
SR-Zjets: [379799,0.78716,0.743084]
