SR-WWa: [381390,0.649918,0.792228]
SR-WWb: [381390,0.607832,0.727909]
SR-WWc: [381390,0.43508,0.686068]
SR-mT2a: [381390,0.63121,0.738223]
SR-mT2b: [381390,0.792217,0.884906]
SR-mT2c: [381390,0.975074,0.974436]
SR-Zjets: [381390,0.783645,0.831785]
