SR-WWa: [381914,0.571914,0.770298]
SR-WWb: [381914,0.571108,0.692268]
SR-WWc: [381914,0.604595,0.771239]
SR-mT2a: [381914,0.633715,0.74407]
SR-mT2b: [381914,0.832446,0.883958]
SR-mT2c: [381914,0.945605,0.942476]
SR-Zjets: [381914,0.725009,0.819236]
