SR-WWa: [382894,0.717766,0.843377]
SR-WWb: [382894,0.660858,0.753981]
SR-WWc: [382894,0.415636,0.718925]
SR-mT2a: [382894,0.685016,0.778141]
SR-mT2b: [382894,0.690561,0.826266]
SR-mT2c: [382894,0.837842,0.862718]
SR-Zjets: [382894,0.845543,0.817328]
