SR-WWa: [382993,0.556812,0.733338]
SR-WWb: [382993,0.539384,0.664247]
SR-WWc: [382993,0.47157,0.715303]
SR-mT2a: [382993,0.604895,0.714342]
SR-mT2b: [382993,0.682627,0.817302]
SR-mT2c: [382993,0.900502,0.907013]
SR-Zjets: [382993,0.948019,0.945168]
