SR-WWa: [383246,0.98775,0.993267]
SR-WWb: [383246,0.978474,0.981754]
SR-WWc: [383246,0.974818,0.974167]
SR-mT2a: [383246,0.976001,0.980628]
SR-mT2b: [383246,0.964369,0.963053]
SR-mT2c: [383246,0.960291,0.958649]
SR-Zjets: [383246,0.90163,0.891151]
