SR-WWa: [38650,0.156987,0.326665]
SR-WWb: [38650,0.188142,0.316976]
SR-WWc: [38650,0.0844676,0.329127]
SR-mT2a: [38650,0.260987,0.381266]
SR-mT2b: [38650,0.329087,0.477164]
SR-mT2c: [38650,]
SR-Zjets: [38650,0.976415,0.982396]
