SR-WWa: [386796,0.621597,0.765677]
SR-WWb: [386796,0.55154,0.671339]
SR-WWc: [386796,0.417957,0.709592]
SR-mT2a: [386796,0.594908,0.706098]
SR-mT2b: [386796,0.614793,0.787381]
SR-mT2c: [386796,0.847428,0.901913]
SR-Zjets: [386796,0.874639,0.856671]
