SR-WWa: [38842,0.761042,0.873627]
SR-WWb: [38842,0.731625,0.808832]
SR-WWc: [38842,0.767039,0.842793]
SR-mT2a: [38842,0.755009,0.830804]
SR-mT2b: [38842,0.877714,0.893705]
SR-mT2c: [38842,0.968799,0.967795]
SR-Zjets: [38842,0.840124,0.83371]
