SR-WWa: [389950,0.476592,0.693831]
SR-WWb: [389950,0.464784,0.604965]
SR-WWc: [389950,0.359925,0.648787]
SR-mT2a: [389950,0.526133,0.657298]
SR-mT2b: [389950,0.575961,0.726007]
SR-mT2c: [389950,0.831857,0.851]
SR-Zjets: [389950,0.933475,0.928734]
