SR-WWa: [390689,0.460483,0.693539]
SR-WWb: [390689,0.412084,0.580164]
SR-WWc: [390689,0.337037,0.625895]
SR-mT2a: [390689,0.50534,0.645838]
SR-mT2b: [390689,0.625274,0.752665]
SR-mT2c: [390689,0.927766,0.922142]
SR-Zjets: [390689,0.749969,0.787699]
