SR-WWa: [391692,0.436666,0.655213]
SR-WWb: [391692,0.347805,0.519714]
SR-WWc: [391692,0.304774,0.619526]
SR-mT2a: [391692,0.44492,0.587938]
SR-mT2b: [391692,0.639861,0.773602]
SR-mT2c: [391692,0.850469,0.867857]
SR-Zjets: [391692,0.862714,0.865065]
