SR-WWa: [392343,0.486524,0.701688]
SR-WWb: [392343,0.462267,0.614942]
SR-WWc: [392343,0.498538,0.74606]
SR-mT2a: [392343,0.543632,0.676414]
SR-mT2b: [392343,0.67758,0.807555]
SR-mT2c: [392343,0.926927,0.921167]
SR-Zjets: [392343,0.960241,0.958595]
