SR-WWa: [393029,0.608548,0.776321]
SR-WWb: [393029,0.615474,0.723875]
SR-WWc: [393029,0.594261,0.797752]
SR-mT2a: [393029,0.682298,0.777321]
SR-mT2b: [393029,0.757513,0.835507]
SR-mT2c: [393029,0.959445,0.963037]
SR-Zjets: [393029,0.90047,0.938961]
