SR-WWa: [394876,0.568232,0.761283]
SR-WWb: [394876,0.643468,0.736348]
SR-WWc: [394876,0.515539,0.74058]
SR-mT2a: [394876,0.67048,0.767511]
SR-mT2b: [394876,0.734665,0.819188]
SR-mT2c: [394876,0.957345,0.955445]
SR-Zjets: [394876,0.834315,0.88079]
