SR-WWa: [398378,0.683842,0.840636]
SR-WWb: [398378,0.632493,0.758763]
SR-WWc: [398378,0.557466,0.791547]
SR-mT2a: [398378,0.714837,0.807445]
SR-mT2b: [398378,0.711197,0.825928]
SR-mT2c: [398378,0.910185,0.901322]
SR-Zjets: [398378,0.9961,0.997159]
