SR-WWa: [399240,0.503729,0.692441]
SR-WWb: [399240,0.49116,0.613418]
SR-WWc: [399240,0.373228,0.645856]
SR-mT2a: [399240,0.537363,0.658587]
SR-mT2b: [399240,0.735803,0.823885]
SR-mT2c: [399240,0.919378,0.912308]
SR-Zjets: [399240,0.843027,0.839923]
