SR-WWa: [399639,0.557831,0.728262]
SR-WWb: [399639,0.480781,0.611917]
SR-WWc: [399639,0.442383,0.686677]
SR-mT2a: [399639,0.557826,0.679138]
SR-mT2b: [399639,0.703176,0.827465]
SR-mT2c: [399639,0.95795,0.975186]
SR-Zjets: [399639,0.911293,0.902658]
