SR-WWa: [400252,0.910362,0.948675]
SR-WWb: [400252,0.910664,0.928045]
SR-WWc: [400252,0.837232,0.885722]
SR-mT2a: [400252,0.877944,0.910836]
SR-mT2b: [400252,0.890044,0.896949]
SR-mT2c: [400252,0.962481,0.961018]
SR-Zjets: [400252,0.609943,0.662428]
