SR-WWa: [403415,0.502968,0.720502]
SR-WWb: [403415,0.437095,0.614009]
SR-WWc: [403415,0.374393,0.660009]
SR-mT2a: [403415,0.517301,0.658686]
SR-mT2b: [403415,0.648785,0.790557]
SR-mT2c: [403415,0.931559,0.927898]
SR-Zjets: [403415,0.902774,0.892303]
