SR-WWa: [405375,0.56143,0.753181]
SR-WWb: [405375,0.547954,0.683532]
SR-WWc: [405375,0.395393,0.692771]
SR-mT2a: [405375,0.626319,0.739127]
SR-mT2b: [405375,0.648118,0.758076]
SR-mT2c: [405375,0.925978,0.920061]
SR-Zjets: [405375,0.956017,0.953994]
