SR-WWa: [405970,0.424866,0.661198]
SR-WWb: [405970,0.381239,0.543447]
SR-WWc: [405970,0.25996,0.562449]
SR-mT2a: [405970,0.458517,0.601368]
SR-mT2b: [405970,0.531969,0.688466]
SR-mT2c: [405970,0.858623,0.862664]
SR-Zjets: [405970,0.926182,0.922716]
