SR-WWa: [406764,0.577347,0.76325]
SR-WWb: [406764,0.49838,0.643185]
SR-WWc: [406764,0.494011,0.728217]
SR-mT2a: [406764,0.583957,0.705298]
SR-mT2b: [406764,0.762408,0.844663]
SR-mT2c: [406764,0.854655,0.906958]
SR-Zjets: [406764,0.924818,0.918707]
