SR-WWa: [408825,0.595193,0.788978]
SR-WWb: [408825,0.565448,0.702537]
SR-WWc: [408825,0.506546,0.737286]
SR-mT2a: [408825,0.633148,0.748511]
SR-mT2b: [408825,0.647398,0.788477]
SR-mT2c: [408825,0.931703,0.926697]
SR-Zjets: [408825,0.858053,0.834571]
