SR-WWa: [409342,0.598251,0.779696]
SR-WWb: [409342,0.583182,0.701693]
SR-WWc: [409342,0.511628,0.752991]
SR-mT2a: [409342,0.641919,0.747834]
SR-mT2b: [409342,0.70415,0.843458]
SR-mT2c: [409342,0.913521,0.920576]
SR-Zjets: [409342,0.848177,0.882474]
