SR-WWa: [410685,0.905974,0.952555]
SR-WWb: [410685,0.848272,0.898346]
SR-WWc: [410685,0.810281,0.873599]
SR-mT2a: [410685,0.84276,0.894577]
SR-mT2b: [410685,0.882092,0.874597]
SR-mT2c: [410685,0.93453,0.929944]
SR-Zjets: [410685,0.627807,0.650855]
