SR-WWa: [411422,0.468595,0.697643]
SR-WWb: [411422,0.405135,0.577427]
SR-WWc: [411422,0.495709,0.659384]
SR-mT2a: [411422,0.485157,0.628846]
SR-mT2b: [411422,0.720942,0.821102]
SR-mT2c: [411422,0.899177,0.887872]
SR-Zjets: [411422,0.715141,0.767204]
