SR-WWa: [413842,0.458287,0.704881]
SR-WWb: [413842,0.448089,0.63014]
SR-WWc: [413842,0.50437,0.729883]
SR-mT2a: [413842,0.555308,0.690977]
SR-mT2b: [413842,0.822496,0.870145]
SR-mT2c: [413842,0.958648,0.956864]
SR-Zjets: [413842,0.868313,0.918952]
