SR-WWa: [41397,0.633509,0.787845]
SR-WWb: [41397,0.568689,0.68386]
SR-WWc: [41397,0.520561,0.759083]
SR-mT2a: [41397,0.623148,0.731396]
SR-mT2b: [41397,0.850637,0.901749]
SR-mT2c: [41397,0.936598,0.932306]
SR-Zjets: [41397,0.886686,0.872205]
