SR-WWa: [41578,0.637125,0.792294]
SR-WWb: [41578,0.570074,0.692618]
SR-WWc: [41578,0.484138,0.735516]
SR-mT2a: [41578,0.635345,0.745649]
SR-mT2b: [41578,0.680545,0.820156]
SR-mT2c: [41578,0.864603,0.900197]
SR-Zjets: [41578,0.827605,0.879833]
