SR-WWa: [415887,0.486368,0.680549]
SR-WWb: [415887,0.506476,0.592378]
SR-WWc: [415887,0.481138,0.706054]
SR-mT2a: [415887,0.532276,0.636845]
SR-mT2b: [415887,0.716998,0.841989]
SR-mT2c: [415887,0.936212,0.952912]
SR-Zjets: [415887,0.924074,0.917836]
