SR-WWa: [417663,0.631204,0.797695]
SR-WWb: [417663,0.569636,0.713332]
SR-WWc: [417663,0.441985,0.733868]
SR-mT2a: [417663,0.631505,0.745532]
SR-mT2b: [417663,0.683159,0.827804]
SR-mT2c: [417663,0.932034,0.927078]
SR-Zjets: [417663,0.861063,0.903471]
