SR-WWa: [418833,0.526688,0.709225]
SR-WWb: [418833,0.508139,0.620863]
SR-WWc: [418833,0.359968,0.664308]
SR-mT2a: [418833,0.556735,0.672552]
SR-mT2b: [418833,0.64365,0.799127]
SR-mT2c: [418833,0.943168,0.939743]
SR-Zjets: [418833,0.862983,0.841229]
