SR-WWa: [422757,0.476963,0.705284]
SR-WWb: [422757,0.422368,0.591388]
SR-WWc: [422757,0.367217,0.666017]
SR-mT2a: [422757,0.524596,0.658896]
SR-mT2b: [422757,0.669983,0.795939]
SR-mT2c: [422757,0.906848,0.89728]
SR-Zjets: [422757,0.910631,0.901861]
