SR-WWa: [422958,0.705763,0.842286]
SR-WWb: [422958,0.626931,0.740641]
SR-WWc: [422958,0.577045,0.760016]
SR-mT2a: [422958,0.665962,0.765141]
SR-mT2b: [422958,0.718972,0.80443]
SR-mT2c: [422958,0.929526,0.936979]
SR-Zjets: [422958,0.894369,0.881894]
