SR-WWa: [423834,0.566966,0.740211]
SR-WWb: [423834,0.548812,0.684466]
SR-WWc: [423834,0.504847,0.749949]
SR-mT2a: [423834,0.619556,0.734843]
SR-mT2b: [423834,0.756113,0.846997]
SR-mT2c: [423834,0.967988,0.971109]
SR-Zjets: [423834,0.885254,0.87038]
