SR-WWa: [424715,0.478958,0.682294]
SR-WWb: [424715,0.457428,0.611671]
SR-WWc: [424715,0.383322,0.65999]
SR-mT2a: [424715,0.532632,0.666119]
SR-mT2b: [424715,0.688995,0.788494]
SR-mT2c: [424715,0.924705,0.918574]
SR-Zjets: [424715,0.919974,0.913012]
