SR-WWa: [427883,0.494359,0.700003]
SR-WWb: [427883,0.467132,0.601555]
SR-WWc: [427883,0.352599,0.658783]
SR-mT2a: [427883,0.533691,0.656641]
SR-mT2b: [427883,0.694847,0.825271]
SR-mT2c: [427883,0.867643,0.895526]
SR-Zjets: [427883,0.79774,0.815186]
