SR-WWa: [429951,0.532226,0.740672]
SR-WWb: [429951,0.507678,0.65385]
SR-WWc: [429951,0.45714,0.706159]
SR-mT2a: [429951,0.58027,0.703328]
SR-mT2b: [429951,0.610099,0.761717]
SR-mT2c: [429951,0.917523,0.942937]
SR-Zjets: [429951,0.881594,0.865691]
