SR-WWa: [431181,0.592396,0.746523]
SR-WWb: [431181,0.586103,0.667574]
SR-WWc: [431181,0.448322,0.706492]
SR-mT2a: [431181,0.619026,0.71357]
SR-mT2b: [431181,0.7266,0.83268]
SR-mT2c: [431181,0.924934,0.922884]
SR-Zjets: [431181,0.80395,0.820439]
