SR-WWa: [433476,0.54082,0.728809]
SR-WWb: [433476,0.491273,0.628325]
SR-WWc: [433476,0.326801,0.637145]
SR-mT2a: [433476,0.542755,0.670373]
SR-mT2b: [433476,0.725336,0.834418]
SR-mT2c: [433476,0.935348,0.943851]
SR-Zjets: [433476,0.910156,0.94544]
