SR-WWa: [435433,0.542419,0.72387]
SR-WWb: [435433,0.536336,0.655541]
SR-WWc: [435433,0.469472,0.739198]
SR-mT2a: [435433,0.590899,0.705916]
SR-mT2b: [435433,0.769843,0.864282]
SR-mT2c: [435433,0.96854,0.967518]
SR-Zjets: [435433,0.873686,0.855423]
