SR-WWa: [436659,0.922189,0.955302]
SR-WWb: [436659,0.904663,0.927417]
SR-WWc: [436659,0.889324,0.906552]
SR-mT2a: [436659,0.889045,0.922051]
SR-mT2b: [436659,0.927347,0.942202]
SR-mT2c: [436659,0.948069,0.945224]
SR-Zjets: [436659,0.802217,0.824686]
