SR-WWa: [436701,0.554614,0.740715]
SR-WWb: [436701,0.540619,0.664779]
SR-WWc: [436701,0.442338,0.721798]
SR-mT2a: [436701,0.605654,0.71555]
SR-mT2b: [436701,0.70979,0.821197]
SR-mT2c: [436701,0.937936,0.933829]
SR-Zjets: [436701,0.953778,0.951538]
