SR-WWa: [436905,0.602765,0.752272]
SR-WWb: [436905,0.584953,0.679814]
SR-WWc: [436905,0.486532,0.713513]
SR-mT2a: [436905,0.622181,0.721482]
SR-mT2b: [436905,0.780661,0.856067]
SR-mT2c: [436905,0.948958,0.965265]
SR-Zjets: [436905,0.934479,0.935014]
