SR-WWa: [43734,0.792759,0.868637]
SR-WWb: [43734,0.774213,0.815516]
SR-WWc: [43734,0.734432,0.820021]
SR-mT2a: [43734,0.745017,0.804669]
SR-mT2b: [43734,0.863119,0.911468]
SR-mT2c: [43734,0.956535,0.974419]
SR-Zjets: [43734,0.743293,0.804582]
