SR-WWa: [438477,0.632451,0.811141]
SR-WWb: [438477,0.622224,0.742966]
SR-WWc: [438477,0.584354,0.790963]
SR-mT2a: [438477,0.678645,0.781697]
SR-mT2b: [438477,0.692927,0.810904]
SR-mT2c: [438477,0.875351,0.857601]
SR-Zjets: [438477,0.815503,0.831192]
