SR-WWa: [439718,0.578563,0.758468]
SR-WWb: [439718,0.582454,0.691692]
SR-WWc: [439718,0.421601,0.697301]
SR-mT2a: [439718,0.644336,0.744864]
SR-mT2b: [439718,0.724006,0.800044]
SR-mT2c: [439718,0.921158,0.91441]
SR-Zjets: [439718,0.861571,0.913247]
