SR-WWa: [439994,0.507381,0.71663]
SR-WWb: [439994,0.543375,0.689994]
SR-WWc: [439994,0.506779,0.721033]
SR-mT2a: [439994,0.619547,0.737648]
SR-mT2b: [439994,0.918761,0.940651]
SR-mT2c: [439994,0.970854,0.981805]
SR-Zjets: [439994,0.909677,0.944775]
