SR-WWa: [440873,0.811323,0.891337]
SR-WWb: [440873,0.732965,0.817814]
SR-WWc: [440873,0.695456,0.828652]
SR-mT2a: [440873,0.759165,0.836404]
SR-mT2b: [440873,0.828982,0.879046]
SR-mT2c: [440873,0.962049,0.966822]
SR-Zjets: [440873,0.752211,0.749425]
