SR-WWa: [441046,0.706117,0.81997]
SR-WWb: [441046,0.627086,0.720929]
SR-WWc: [441046,0.52945,0.732816]
SR-mT2a: [441046,0.661809,0.76236]
SR-mT2b: [441046,0.853822,0.895194]
SR-mT2c: [441046,0.938935,0.963747]
SR-Zjets: [441046,0.681838,0.780283]
