SR-WWa: [441001,0.61111,0.784629]
SR-WWb: [441001,0.576347,0.702067]
SR-WWc: [441001,0.445772,0.732321]
SR-mT2a: [441001,0.609621,0.725989]
SR-mT2b: [441001,0.704612,0.835965]
SR-mT2c: [441001,0.870904,0.915336]
SR-Zjets: [441001,0.806035,0.807202]
