SR-WWa: [44275,0.632838,0.806982]
SR-WWb: [44275,0.541496,0.687053]
SR-WWc: [44275,0.59868,0.736034]
SR-mT2a: [44275,0.615108,0.734226]
SR-mT2b: [44275,0.812941,0.819414]
SR-mT2c: [44275,0.975582,0.974971]
SR-Zjets: [44275,0.741018,0.727753]
