SR-WWa: [443140,0.527663,0.709882]
SR-WWb: [443140,0.51373,0.645459]
SR-WWc: [443140,0.421658,0.698118]
SR-mT2a: [443140,0.583383,0.704017]
SR-mT2b: [443140,0.716641,0.829656]
SR-mT2c: [443140,0.799325,0.851719]
SR-Zjets: [443140,0.886491,0.871957]
