SR-WWa: [444470,0.393445,0.615404]
SR-WWb: [444470,0.406462,0.530402]
SR-WWc: [444470,0.224371,0.546777]
SR-mT2a: [444470,0.458674,0.582189]
SR-mT2b: [444470,0.503184,0.70145]
SR-mT2c: [444470,0.802357,0.83507]
SR-Zjets: [444470,0.838523,0.84915]
