SR-WWa: [445586,0.819531,0.901805]
SR-WWb: [445586,0.774073,0.842907]
SR-WWc: [445586,0.839127,0.868387]
SR-mT2a: [445586,0.792816,0.855996]
SR-mT2b: [445586,0.91505,0.915711]
SR-mT2c: [445586,0.983065,0.982774]
SR-Zjets: [445586,0.805517,0.782156]
