SR-WWa: [445576,0.649954,0.808683]
SR-WWb: [445576,0.629455,0.741292]
SR-WWc: [445576,0.57627,0.76696]
SR-mT2a: [445576,0.69798,0.79121]
SR-mT2b: [445576,0.719561,0.819851]
SR-mT2c: [445576,0.855455,0.884013]
SR-Zjets: [445576,0.929647,0.944927]
