SR-WWa: [446383,0.49089,0.706897]
SR-WWb: [446383,0.458309,0.609634]
SR-WWc: [446383,0.366786,0.652894]
SR-mT2a: [446383,0.543526,0.673752]
SR-mT2b: [446383,0.685455,0.788403]
SR-mT2c: [446383,0.91671,0.90947]
SR-Zjets: [446383,0.808511,0.814724]
