SR-WWa: [446716,0.444374,0.665211]
SR-WWb: [446716,0.372277,0.532087]
SR-WWc: [446716,0.335015,0.625453]
SR-mT2a: [446716,0.464578,0.606814]
SR-mT2b: [446716,0.640368,0.754357]
SR-mT2c: [446716,0.891268,0.882788]
SR-Zjets: [446716,0.517216,0.652886]
