SR-WWa: [446813,0.844478,0.904168]
SR-WWb: [446813,0.799625,0.82939]
SR-WWc: [446813,0.822854,0.850045]
SR-mT2a: [446813,0.794609,0.839428]
SR-mT2b: [446813,0.870555,0.886918]
SR-mT2c: [446813,0.97408,0.97339]
SR-Zjets: [446813,0.744277,0.746957]
