SR-WWa: [447554,0.626783,0.788791]
SR-WWb: [447554,0.529035,0.653016]
SR-WWc: [447554,0.410395,0.678311]
SR-mT2a: [447554,0.59781,0.711026]
SR-mT2b: [447554,0.648074,0.75743]
SR-mT2c: [447554,0.815843,0.870009]
SR-Zjets: [447554,0.832284,0.851069]
