SR-WWa: [447714,0.645527,0.822274]
SR-WWb: [447714,0.648498,0.771858]
SR-WWc: [447714,0.663668,0.830183]
SR-mT2a: [447714,0.721083,0.814684]
SR-mT2b: [447714,0.762048,0.84692]
SR-mT2c: [447714,0.883849,0.868586]
SR-Zjets: [447714,0.874616,0.879912]
