SR-WWa: [448408,0.636627,0.800259]
SR-WWb: [448408,0.645087,0.733248]
SR-WWc: [448408,0.570599,0.781691]
SR-mT2a: [448408,0.660019,0.75807]
SR-mT2b: [448408,0.808762,0.883436]
SR-mT2c: [448408,0.917864,0.910514]
SR-Zjets: [448408,0.872796,0.854258]
