SR-WWa: [448804,0.486489,0.70802]
SR-WWb: [448804,0.509752,0.664645]
SR-WWc: [448804,0.475984,0.707996]
SR-mT2a: [448804,0.606324,0.728505]
SR-mT2b: [448804,0.660411,0.816441]
SR-mT2c: [448804,0.900535,0.939728]
SR-Zjets: [448804,0.79054,0.805268]
