SR-WWa: [449356,0.35583,0.558092]
SR-WWb: [449356,0.271456,0.403983]
SR-WWc: [449356,0.176328,0.47612]
SR-mT2a: [449356,0.341835,0.479155]
SR-mT2b: [449356,0.501832,0.680608]
SR-mT2c: [449356,0.844665,0.86257]
SR-Zjets: [449356,0.772809,0.804402]
