SR-WWa: [449598,0.804098,0.883297]
SR-WWb: [449598,0.693393,0.78117]
SR-WWc: [449598,0.749685,0.796866]
SR-mT2a: [449598,0.726147,0.802479]
SR-mT2b: [449598,0.914436,0.906429]
SR-mT2c: [449598,0.988052,0.987908]
SR-Zjets: [449598,0.719579,0.743656]
