SR-WWa: [450480,0.663933,0.815181]
SR-WWb: [450480,0.607648,0.732164]
SR-WWc: [450480,0.602661,0.765582]
SR-mT2a: [450480,0.669098,0.775822]
SR-mT2b: [450480,0.75074,0.826388]
SR-mT2c: [450480,0.917003,0.909491]
SR-Zjets: [450480,0.906888,0.897328]
