SR-WWa: [450892,0.590374,0.766272]
SR-WWb: [450892,0.554389,0.68394]
SR-WWc: [450892,0.472749,0.709448]
SR-mT2a: [450892,0.616367,0.732232]
SR-mT2b: [450892,0.716526,0.809437]
SR-mT2c: [450892,0.86299,0.843958]
SR-Zjets: [450892,0.840212,0.844307]
