SR-WWa: [451154,0.471529,0.676843]
SR-WWb: [451154,0.460565,0.598944]
SR-WWc: [451154,0.420687,0.618234]
SR-mT2a: [451154,0.506539,0.639804]
SR-mT2b: [451154,0.605756,0.753505]
SR-mT2c: [451154,0.895713,0.905416]
SR-Zjets: [451154,0.93505,0.940223]
