SR-WWa: [451295,0.645916,0.81318]
SR-WWb: [451295,0.590042,0.7243]
SR-WWc: [451295,0.524598,0.7391]
SR-mT2a: [451295,0.655414,0.764814]
SR-mT2b: [451295,0.80953,0.877304]
SR-mT2c: [451295,0.931387,0.926333]
SR-Zjets: [451295,0.869854,0.867565]
