SR-WWa: [452017,0.530243,0.753835]
SR-WWb: [452017,0.451993,0.614017]
SR-WWc: [452017,0.57388,0.657483]
SR-mT2a: [452017,0.511182,0.649306]
SR-mT2b: [452017,0.769377,0.746905]
SR-mT2c: [452017,0.869795,0.855026]
SR-Zjets: [452017,0.996971,0.996962]
