SR-WWa: [45334,0.502378,0.701722]
SR-WWb: [45334,0.479862,0.626873]
SR-WWc: [45334,0.429949,0.666588]
SR-mT2a: [45334,0.532863,0.664969]
SR-mT2b: [45334,0.701494,0.788268]
SR-mT2c: [45334,0.917685,0.931593]
SR-Zjets: [45334,0.854775,0.830101]
