SR-WWa: [454977,0.754082,0.841192]
SR-WWb: [454977,0.652192,0.742627]
SR-WWc: [454977,0.648955,0.800621]
SR-mT2a: [454977,0.703064,0.786108]
SR-mT2b: [454977,0.899681,0.921224]
SR-mT2c: [454977,0.976028,0.975439]
SR-Zjets: [454977,0.817185,0.776287]
