SR-WWa: [45638,0.37112,0.618418]
SR-WWb: [45638,0.346973,0.513026]
SR-WWc: [45638,0.31337,0.587946]
SR-mT2a: [45638,0.440576,0.587385]
SR-mT2b: [45638,0.632607,0.72815]
SR-mT2c: [45638,0.867341,0.848121]
SR-Zjets: [45638,0.76708,0.797679]
