SR-WWa: [45850,0.0753099,0.238802]
SR-WWb: [45850,0.0718548,0.165688]
SR-WWc: [45850,0.0263828,0.189753]
SR-mT2a: [45850,0.142299,0.246837]
SR-mT2b: [45850,0.265902,0.46733]
SR-mT2c: [45850,0.687318,0.658986]
SR-Zjets: [45850,0.924318,0.918121]
