SR-WWa: [46072,0.66378,0.813435]
SR-WWb: [46072,0.627903,0.733485]
SR-WWc: [46072,0.499099,0.748424]
SR-mT2a: [46072,0.69232,0.784117]
SR-mT2b: [46072,0.736332,0.847006]
SR-mT2c: [46072,0.866753,0.914622]
SR-Zjets: [46072,0.957353,0.955454]
