SR-WWa: [46847,0.432033,0.650037]
SR-WWb: [46847,0.389209,0.539616]
SR-WWc: [46847,0.320036,0.60603]
SR-mT2a: [46847,0.472214,0.611855]
SR-mT2b: [46847,0.739068,0.825613]
SR-mT2c: [46847,0.89757,0.90767]
SR-Zjets: [46847,0.781991,0.813254]
