SR-WWa: [47249,0.596902,0.770662]
SR-WWb: [47249,0.52432,0.665409]
SR-WWc: [47249,0.540008,0.741756]
SR-mT2a: [47249,0.597131,0.718925]
SR-mT2b: [47249,0.755818,0.822688]
SR-mT2c: [47249,0.916763,0.927346]
SR-Zjets: [47249,0.70439,0.770923]
