SR-WWa: [48183,0.319629,0.572162]
SR-WWb: [48183,0.288472,0.453354]
SR-WWc: [48183,0.238302,0.532686]
SR-mT2a: [48183,0.359002,0.51039]
SR-mT2b: [48183,0.54282,0.685193]
SR-mT2c: [48183,0.842886,0.813601]
SR-Zjets: [48183,0.695061,0.655156]
