SR-WWa: [48223,0.881296,0.929311]
SR-WWb: [48223,0.811497,0.86596]
SR-WWc: [48223,0.822533,0.855431]
SR-mT2a: [48223,0.814512,0.868922]
SR-mT2b: [48223,0.894549,0.888578]
SR-mT2c: [48223,0.959047,0.957298]
SR-Zjets: [48223,0.712421,0.703842]
