SR-WWa: [48891,0.581709,0.748533]
SR-WWb: [48891,0.551543,0.66131]
SR-WWc: [48891,0.430914,0.695618]
SR-mT2a: [48891,0.602923,0.714688]
SR-mT2b: [48891,0.601007,0.744541]
SR-mT2c: [48891,0.815115,0.83943]
SR-Zjets: [48891,0.681426,0.692703]
