SR-WWa: [49890,0.549944,0.734576]
SR-WWb: [49890,0.55119,0.665876]
SR-WWc: [49890,0.465142,0.718435]
SR-mT2a: [49890,0.595489,0.703184]
SR-mT2b: [49890,0.76588,0.852692]
SR-mT2c: [49890,0.931611,0.946836]
SR-Zjets: [49890,0.874483,0.856467]
