SR-WWa: [4995,0.517693,0.674957]
SR-WWb: [4995,0.468029,0.558518]
SR-WWc: [4995,0.345378,0.612021]
SR-mT2a: [4995,0.485901,0.594027]
SR-mT2b: [4995,0.621659,0.738265]
SR-mT2c: [4995,0.890342,0.876837]
SR-Zjets: [4995,0.788496,0.819752]
