SR-WWa: [50180,0.535347,0.718733]
SR-WWb: [50180,0.510825,0.643296]
SR-WWc: [50180,0.43337,0.700567]
SR-mT2a: [50180,0.568142,0.690507]
SR-mT2b: [50180,0.653794,0.800818]
SR-mT2c: [50180,0.855656,0.867315]
SR-Zjets: [50180,0.823776,0.810997]
