SR-WWa: [51156,0.95944,0.957725]
SR-WWb: [51156,0.890506,0.889472]
SR-WWc: [51156,0.81443,0.813585]
SR-mT2a: [51156,0.821247,0.865975]
SR-mT2b: [51156,0.82383,0.786157]
SR-mT2c: [51156,0.797157,0.745542]
SR-Zjets: [51156,0.556474,0.512478]
