SR-WWa: [51383,0.786654,0.874815]
SR-WWb: [51383,0.71349,0.797461]
SR-WWc: [51383,0.716086,0.825122]
SR-mT2a: [51383,0.724459,0.809373]
SR-mT2b: [51383,0.891826,0.909274]
SR-mT2c: [51383,0.989329,0.990688]
SR-Zjets: [51383,0.858862,0.861852]
