SR-WWa: [51926,0.834409,0.909611]
SR-WWb: [51926,0.768965,0.833333]
SR-WWc: [51926,0.789684,0.834716]
SR-mT2a: [51926,0.780924,0.84523]
SR-mT2b: [51926,0.899122,0.898788]
SR-mT2c: [51926,0.965653,0.964432]
SR-Zjets: [51926,0.590866,0.623956]
