SR-WWa: [52027,0.478681,0.712171]
SR-WWb: [52027,0.478037,0.64239]
SR-WWc: [52027,0.438913,0.708507]
SR-mT2a: [52027,0.568982,0.699089]
SR-mT2b: [52027,0.643965,0.784011]
SR-mT2c: [52027,0.836793,0.86508]
SR-Zjets: [52027,0.877488,0.900412]
