SR-WWa: [52276,0.659873,0.823261]
SR-WWb: [52276,0.669141,0.764394]
SR-WWc: [52276,0.613472,0.800021]
SR-mT2a: [52276,0.706558,0.797216]
SR-mT2b: [52276,0.846191,0.878021]
SR-mT2c: [52276,0.910494,0.930155]
SR-Zjets: [52276,0.854012,0.851993]
