SR-WWa: [52671,0.563803,0.765265]
SR-WWb: [52671,0.563626,0.698164]
SR-WWc: [52671,0.515021,0.750003]
SR-mT2a: [52671,0.640059,0.749176]
SR-mT2b: [52671,0.792432,0.868918]
SR-mT2c: [52671,0.925003,0.935209]
SR-Zjets: [52671,0.89056,0.877111]
