SR-WWa: [53791,0.544038,0.722987]
SR-WWb: [53791,0.547064,0.649151]
SR-WWc: [53791,0.380726,0.677518]
SR-mT2a: [53791,0.571764,0.686462]
SR-mT2b: [53791,0.760783,0.834764]
SR-mT2c: [53791,0.893931,0.889449]
SR-Zjets: [53791,0.870298,0.850968]
