SR-WWa: [53992,0.833973,0.897316]
SR-WWb: [53992,0.794168,0.854445]
SR-WWc: [53992,0.665321,0.848527]
SR-mT2a: [53992,0.811847,0.866652]
SR-mT2b: [53992,0.804569,0.895783]
SR-mT2c: [53992,0.866814,0.892232]
SR-Zjets: [53992,0.763474,0.690198]
