SR-WWa: [54135,0.752963,0.837133]
SR-WWb: [54135,0.676083,0.762767]
SR-WWc: [54135,0.798685,0.840885]
SR-mT2a: [54135,0.699298,0.782338]
SR-mT2b: [54135,0.912784,0.920418]
SR-mT2c: [54135,0.983898,0.983635]
SR-Zjets: [54135,0.750787,0.840298]
