SR-WWa: [54852,0.517969,0.702536]
SR-WWb: [54852,0.527243,0.631924]
SR-WWc: [54852,0.399361,0.665407]
SR-mT2a: [54852,0.581776,0.688436]
SR-mT2b: [54852,0.74361,0.824173]
SR-mT2c: [54852,0.850748,0.88676]
SR-Zjets: [54852,0.906694,0.899028]
