SR-WWa: [55223,0.635104,0.809283]
SR-WWb: [55223,0.591173,0.729975]
SR-WWc: [55223,0.559288,0.764224]
SR-mT2a: [55223,0.644735,0.75978]
SR-mT2b: [55223,0.751687,0.818524]
SR-mT2c: [55223,0.90547,0.895601]
SR-Zjets: [55223,0.858568,0.83527]
