SR-WWa: [55342,0.690465,0.803773]
SR-WWb: [55342,0.678048,0.766366]
SR-WWc: [55342,0.680958,0.792155]
SR-mT2a: [55342,0.685441,0.775953]
SR-mT2b: [55342,0.850707,0.867708]
SR-mT2c: [55342,0.939291,0.935367]
SR-Zjets: [55342,0.717929,0.696726]
