SR-WWa: [56011,0.70678,0.834435]
SR-WWb: [56011,0.697149,0.780155]
SR-WWc: [56011,0.686358,0.786442]
SR-mT2a: [56011,0.720368,0.802235]
SR-mT2b: [56011,0.895477,0.892215]
SR-mT2c: [56011,0.948475,0.945676]
SR-Zjets: [56011,0.661079,0.757589]
