SR-WWa: [57261,0.52387,0.70386]
SR-WWb: [57261,0.46814,0.595185]
SR-WWc: [57261,0.313625,0.636019]
SR-mT2a: [57261,0.523352,0.648892]
SR-mT2b: [57261,0.652092,0.810174]
SR-mT2c: [57261,0.902825,0.921318]
SR-Zjets: [57261,0.886651,0.872161]
