SR-WWa: [57615,0.639549,0.798052]
SR-WWb: [57615,0.59908,0.729943]
SR-WWc: [57615,0.512902,0.755979]
SR-mT2a: [57615,0.660866,0.767383]
SR-mT2b: [57615,0.655308,0.795288]
SR-mT2c: [57615,0.872887,0.89865]
SR-Zjets: [57615,0.818562,0.810593]
