SR-WWa: [58166,0.656184,0.812587]
SR-WWb: [58166,0.657287,0.756581]
SR-WWc: [58166,0.665248,0.782907]
SR-mT2a: [58166,0.682693,0.779127]
SR-mT2b: [58166,0.90028,0.909425]
SR-mT2c: [58166,0.93333,0.947986]
SR-Zjets: [58166,0.666719,0.744244]
