SR-WWa: [58287,0.51798,0.706145]
SR-WWb: [58287,0.487493,0.615549]
SR-WWc: [58287,0.427532,0.683903]
SR-mT2a: [58287,0.552062,0.673222]
SR-mT2b: [58287,0.685311,0.804525]
SR-mT2c: [58287,0.833041,0.87235]
SR-Zjets: [58287,0.881632,0.883137]
