SR-WWa: [58333,0.574862,0.715864]
SR-WWb: [58333,0.505986,0.583216]
SR-WWc: [58333,0.346317,0.630836]
SR-mT2a: [58333,0.511174,0.611576]
SR-mT2b: [58333,0.591009,0.754543]
SR-mT2c: [58333,0.896493,0.935864]
SR-Zjets: [58333,0.75047,0.74583]
