SR-WWa: [58618,0.865831,0.906164]
SR-WWb: [58618,0.768462,0.82528]
SR-WWc: [58618,0.819464,0.82464]
SR-mT2a: [58618,0.774622,0.830919]
SR-mT2b: [58618,0.900931,0.890038]
SR-mT2c: [58618,0.960258,0.958613]
SR-Zjets: [58618,0.685171,0.715481]
