SR-WWa: [58627,0.141998,0.29407]
SR-WWb: [58627,0.110459,0.147123]
SR-WWc: [58627,0.0467871,0.169085]
SR-mT2a: [58627,0.132724,0.201422]
SR-mT2b: [58627,0.156091,0.309504]
SR-mT2c: [58627,0.38433,0.437996]
SR-Zjets: [58627,0.974726,0.974071]
