SR-WWa: [59896,0.849862,0.920188]
SR-WWb: [59896,0.811338,0.864489]
SR-WWc: [59896,0.825994,0.839829]
SR-mT2a: [59896,0.808592,0.860675]
SR-mT2b: [59896,0.875289,0.876637]
SR-mT2c: [59896,0.951838,0.949401]
SR-Zjets: [59896,0.642663,0.616462]
