SR-WWa: [60303,0.512445,0.722495]
SR-WWb: [60303,0.459933,0.621885]
SR-WWc: [60303,0.412448,0.706177]
SR-mT2a: [60303,0.54962,0.680679]
SR-mT2b: [60303,0.654494,0.811729]
SR-mT2c: [60303,0.953638,0.951384]
SR-Zjets: [60303,0.853921,0.881455]
