SR-WWa: [60372,0.0560292,0.172986]
SR-WWb: [60372,0.0461712,0.100807]
SR-WWc: [60372,0.0426354,0.22062]
SR-mT2a: [60372,0.0867765,0.158398]
SR-mT2b: [60372,0.175515,0.366157]
SR-mT2c: [60372,0.352756,0.466165]
SR-Zjets: [60372,0.883811,0.914905]
