SR-WWa: [60417,0.705454,0.828866]
SR-WWb: [60417,0.599405,0.710947]
SR-WWc: [60417,0.511922,0.742629]
SR-mT2a: [60417,0.659603,0.758487]
SR-mT2b: [60417,0.705693,0.809774]
SR-mT2c: [60417,0.908301,0.899043]
SR-Zjets: [60417,0.560164,0.513797]
