SR-WWa: [61378,0.74367,0.85737]
SR-WWb: [61378,0.711925,0.786369]
SR-WWc: [61378,0.607195,0.814883]
SR-mT2a: [61378,0.739086,0.818881]
SR-mT2b: [61378,0.854305,0.885919]
SR-mT2c: [61378,0.972285,0.971495]
SR-Zjets: [61378,0.89435,0.88187]
