SR-WWa: [61707,0.594974,0.774087]
SR-WWb: [61707,0.53633,0.678902]
SR-WWc: [61707,0.488852,0.702016]
SR-mT2a: [61707,0.585256,0.710643]
SR-mT2b: [61707,0.666162,0.761208]
SR-mT2c: [61707,0.894842,0.882484]
SR-Zjets: [61707,0.741586,0.794527]
