SR-WWa: [62167,0.664711,0.813441]
SR-WWb: [62167,0.56883,0.697267]
SR-WWc: [62167,0.62377,0.796869]
SR-mT2a: [62167,0.604652,0.723249]
SR-mT2b: [62167,0.886177,0.905829]
SR-mT2c: [62167,0.98275,0.982447]
SR-Zjets: [62167,0.845793,0.817678]
