SR-WWa: [62874,0.484787,0.69842]
SR-WWb: [62874,0.465216,0.586978]
SR-WWc: [62874,0.370774,0.652719]
SR-mT2a: [62874,0.520494,0.640037]
SR-mT2b: [62874,0.686677,0.811994]
SR-mT2c: [62874,0.854039,0.89106]
SR-Zjets: [62874,0.896745,0.884855]
