SR-WWa: [63307,0.568902,0.761928]
SR-WWb: [63307,0.543806,0.671397]
SR-WWc: [63307,0.506266,0.73614]
SR-mT2a: [63307,0.599716,0.718714]
SR-mT2b: [63307,0.758862,0.861653]
SR-mT2c: [63307,0.938834,0.939636]
SR-Zjets: [63307,0.811203,0.828434]
