SR-WWa: [6331,0.639337,0.807226]
SR-WWb: [6331,0.636904,0.773688]
SR-WWc: [6331,0.45049,0.729738]
SR-mT2a: [6331,0.685781,0.788932]
SR-mT2b: [6331,0.597301,0.753753]
SR-mT2c: [6331,0.954906,0.952776]
SR-Zjets: [6331,0.681606,0.728987]
