SR-WWa: [63450,0.499653,0.698092]
SR-WWb: [63450,0.463985,0.601425]
SR-WWc: [63450,0.459409,0.681249]
SR-mT2a: [63450,0.529864,0.652383]
SR-mT2b: [63450,0.628437,0.776477]
SR-mT2c: [63450,0.862538,0.848081]
SR-Zjets: [63450,0.826012,0.789363]
