SR-WWa: [63454,0.664813,0.821051]
SR-WWb: [63454,0.641335,0.757296]
SR-WWc: [63454,0.608172,0.799164]
SR-mT2a: [63454,0.704565,0.798112]
SR-mT2b: [63454,0.823839,0.90115]
SR-mT2c: [63454,0.913079,0.928673]
SR-Zjets: [63454,0.825394,0.850893]
