SR-WWa: [63750,0.840429,0.929616]
SR-WWb: [63750,0.750954,0.840503]
SR-WWc: [63750,0.737529,0.819657]
SR-mT2a: [63750,0.782624,0.85479]
SR-mT2b: [63750,0.851868,0.866744]
SR-mT2c: [63750,0.97946,0.97903]
SR-Zjets: [63750,0.863849,0.84239]
