SR-WWa: [64409,0.680695,0.819655]
SR-WWb: [64409,0.65457,0.751827]
SR-WWc: [64409,0.656391,0.799988]
SR-mT2a: [64409,0.714301,0.800886]
SR-mT2b: [64409,0.790874,0.857476]
SR-mT2c: [64409,0.95476,0.952616]
SR-Zjets: [64409,0.721511,0.753814]
