SR-WWa: [64451,0.913619,0.955828]
SR-WWb: [64451,0.875361,0.897553]
SR-WWc: [64451,0.827969,0.874586]
SR-mT2a: [64451,0.827647,0.875571]
SR-mT2b: [64451,0.856948,0.876832]
SR-mT2c: [64451,0.941828,0.95555]
SR-Zjets: [64451,0.618934,0.640157]
