SR-WWa: [65265,0.533071,0.722681]
SR-WWb: [65265,0.512863,0.648188]
SR-WWc: [65265,0.492513,0.744554]
SR-mT2a: [65265,0.582627,0.703514]
SR-mT2b: [65265,0.82829,0.882584]
SR-mT2c: [65265,0.938722,0.956485]
SR-Zjets: [65265,0.812232,0.833271]
