SR-WWa: [65692,0.392723,0.559495]
SR-WWb: [65692,0.546798,0.630145]
SR-WWc: [65692,0.837128,0.805439]
SR-mT2a: [65692,0.572611,0.68753]
SR-mT2b: [65692,0.880861,0.864747]
SR-mT2c: [65692,0.895497,0.883301]
SR-Zjets: [65692,0.533712,0.650543]
