SR-WWa: [65787,0.775724,0.87634]
SR-WWb: [65787,0.711627,0.797022]
SR-WWc: [65787,0.681868,0.787743]
SR-mT2a: [65787,0.727738,0.810959]
SR-mT2b: [65787,0.833033,0.878505]
SR-mT2c: [65787,0.969281,0.968308]
SR-Zjets: [65787,0.861765,0.841175]
