SR-WWa: [66449,0.633737,0.789706]
SR-WWb: [66449,0.619581,0.702438]
SR-WWc: [66449,0.523066,0.757032]
SR-mT2a: [66449,0.658171,0.748434]
SR-mT2b: [66449,0.885617,0.91622]
SR-mT2c: [66449,0.952782,0.950442]
SR-Zjets: [66449,0.808092,0.810815]
