SR-WWa: [68113,0.520506,0.722931]
SR-WWb: [68113,0.499743,0.634327]
SR-WWc: [68113,0.42435,0.684243]
SR-mT2a: [68113,0.578708,0.700242]
SR-mT2b: [68113,0.682426,0.804414]
SR-mT2c: [68113,0.897418,0.890157]
SR-Zjets: [68113,0.785825,0.727452]
