SR-WWa: [68159,0.815826,0.893897]
SR-WWb: [68159,0.706361,0.784663]
SR-WWc: [68159,0.64051,0.801893]
SR-mT2a: [68159,0.735699,0.81091]
SR-mT2b: [68159,0.85805,0.900521]
SR-mT2c: [68159,0.991279,0.991202]
SR-Zjets: [68159,0.799028,0.794213]
