SR-WWa: [68287,0.51266,0.714288]
SR-WWb: [68287,0.480939,0.634723]
SR-WWc: [68287,0.523944,0.707683]
SR-mT2a: [68287,0.558714,0.689181]
SR-mT2b: [68287,0.751617,0.801758]
SR-mT2c: [68287,0.915412,0.907596]
SR-Zjets: [68287,0.789885,0.838812]
