SR-WWa: [68427,0.414911,0.645328]
SR-WWb: [68427,0.397025,0.546729]
SR-WWc: [68427,0.290857,0.582823]
SR-mT2a: [68427,0.474925,0.613607]
SR-mT2b: [68427,0.561268,0.711495]
SR-mT2c: [68427,0.880436,0.864199]
SR-Zjets: [68427,0.786588,0.738591]
