SR-WWa: [68513,0.807513,0.897517]
SR-WWb: [68513,0.781353,0.849279]
SR-WWc: [68513,0.741537,0.836621]
SR-mT2a: [68513,0.785566,0.849377]
SR-mT2b: [68513,0.871518,0.871183]
SR-mT2c: [68513,0.950385,0.947794]
SR-Zjets: [68513,0.694354,0.662183]
