SR-WWa: [68536,0.675116,0.819913]
SR-WWb: [68536,0.634952,0.743234]
SR-WWc: [68536,0.591986,0.770351]
SR-mT2a: [68536,0.671623,0.771831]
SR-mT2b: [68536,0.852114,0.907988]
SR-mT2c: [68536,0.976573,0.979617]
SR-Zjets: [68536,0.760157,0.808749]
