SR-WWa: [68624,0.542443,0.75873]
SR-WWb: [68624,0.456583,0.631025]
SR-WWc: [68624,0.541579,0.740584]
SR-mT2a: [68624,0.544189,0.682389]
SR-mT2b: [68624,0.720033,0.826469]
SR-mT2c: [68624,0.922285,0.917717]
SR-Zjets: [68624,0.818366,0.779825]
