SR-WWa: [68675,0.563863,0.740499]
SR-WWb: [68675,0.567717,0.680265]
SR-WWc: [68675,0.475231,0.728597]
SR-mT2a: [68675,0.625867,0.733073]
SR-mT2b: [68675,0.703787,0.839321]
SR-mT2c: [68675,0.888513,0.901097]
SR-Zjets: [68675,0.855724,0.831399]
