SR-WWa: [69497,0.74612,0.869566]
SR-WWb: [69497,0.707757,0.808687]
SR-WWc: [69497,0.644577,0.82632]
SR-mT2a: [69497,0.75814,0.836871]
SR-mT2b: [69497,0.895552,0.910575]
SR-mT2c: [69497,0.95932,0.957595]
SR-Zjets: [69497,0.748805,0.817755]
