SR-WWa: [69572,0.442016,0.64482]
SR-WWb: [69572,0.441197,0.555435]
SR-WWc: [69572,0.305783,0.599505]
SR-mT2a: [69572,0.507523,0.6244]
SR-mT2b: [69572,0.554236,0.702942]
SR-mT2c: [69572,0.87841,0.874233]
SR-Zjets: [69572,0.846802,0.870071]
