SR-WWa: [69661,0.427981,0.650952]
SR-WWb: [69661,0.416166,0.555288]
SR-WWc: [69661,0.321978,0.625308]
SR-mT2a: [69661,0.485896,0.617293]
SR-mT2b: [69661,0.570921,0.730883]
SR-mT2c: [69661,0.832393,0.815914]
SR-Zjets: [69661,0.843912,0.838415]
