SR-WWa: [69732,0.596397,0.769875]
SR-WWb: [69732,0.582275,0.672945]
SR-WWc: [69732,0.436663,0.714704]
SR-mT2a: [69732,0.614491,0.71403]
SR-mT2b: [69732,0.643877,0.798928]
SR-mT2c: [69732,0.896259,0.898119]
SR-Zjets: [69732,0.80858,0.82817]
