SR-WWa: [70415,0.717688,0.834309]
SR-WWb: [70415,0.632126,0.719976]
SR-WWc: [70415,0.515798,0.730873]
SR-mT2a: [70415,0.634065,0.740394]
SR-mT2b: [70415,0.758608,0.856715]
SR-mT2c: [70415,0.93364,0.958968]
SR-Zjets: [70415,0.866668,0.85158]
