SR-WWa: [70459,0.642757,0.800832]
SR-WWb: [70459,0.655036,0.743366]
SR-WWc: [70459,0.555747,0.757327]
SR-mT2a: [70459,0.694749,0.779673]
SR-mT2b: [70459,0.757063,0.8495]
SR-mT2c: [70459,0.950812,0.948268]
SR-Zjets: [70459,0.828721,0.793322]
