SR-WWa: [70662,0.576749,0.757397]
SR-WWb: [70662,0.485722,0.624545]
SR-WWc: [70662,0.425471,0.689221]
SR-mT2a: [70662,0.551612,0.676854]
SR-mT2b: [70662,0.658439,0.777883]
SR-mT2c: [70662,0.903118,0.907784]
SR-Zjets: [70662,0.672729,0.686758]
