SR-WWa: [70858,0.629419,0.788859]
SR-WWb: [70858,0.537496,0.66394]
SR-WWc: [70858,0.458534,0.70824]
SR-mT2a: [70858,0.592346,0.708562]
SR-mT2b: [70858,0.75922,0.853907]
SR-mT2c: [70858,0.949252,0.960193]
SR-Zjets: [70858,0.833782,0.849301]
