SR-WWa: [70913,0.556145,0.738887]
SR-WWb: [70913,0.466778,0.599147]
SR-WWc: [70913,0.350335,0.646907]
SR-mT2a: [70913,0.531928,0.657056]
SR-mT2b: [70913,0.709778,0.81341]
SR-mT2c: [70913,0.910981,0.910179]
SR-Zjets: [70913,0.881159,0.878859]
