SR-WWa: [71522,0.541552,0.756445]
SR-WWb: [71522,0.515154,0.668736]
SR-WWc: [71522,0.497453,0.710734]
SR-mT2a: [71522,0.556086,0.690088]
SR-mT2b: [71522,0.626752,0.759023]
SR-mT2c: [71522,0.935114,0.930612]
SR-Zjets: [71522,0.872756,0.854205]
