SR-WWa: [71667,0.515987,0.713824]
SR-WWb: [71667,0.482523,0.60213]
SR-WWc: [71667,0.374967,0.640621]
SR-mT2a: [71667,0.539735,0.660895]
SR-mT2b: [71667,0.786683,0.863794]
SR-mT2c: [71667,0.907721,0.917891]
SR-Zjets: [71667,0.902751,0.892275]
