SR-WWa: [71723,0.675047,0.831772]
SR-WWb: [71723,0.59327,0.733945]
SR-WWc: [71723,0.488382,0.687624]
SR-mT2a: [71723,0.634666,0.748201]
SR-mT2b: [71723,0.634367,0.700649]
SR-mT2c: [71723,0.837456,0.826402]
SR-Zjets: [71723,0.696886,0.5925]
