SR-WWa: [71953,0.441913,0.685202]
SR-WWb: [71953,0.419132,0.580643]
SR-WWc: [71953,0.386426,0.655172]
SR-mT2a: [71953,0.506002,0.645741]
SR-mT2b: [71953,0.60289,0.745417]
SR-mT2c: [71953,0.857648,0.869334]
SR-Zjets: [71953,0.800063,0.853944]
