SR-WWa: [72230,0.439453,0.565301]
SR-WWb: [72230,0.2863,0.333721]
SR-WWc: [72230,0.435691,0.519275]
SR-mT2a: [72230,0.265613,0.335492]
SR-mT2b: [72230,0.833261,0.799896]
SR-mT2c: [72230,0.776606,0.712346]
SR-Zjets: [72230,0.508396,0.486395]
