SR-WWa: [73093,0.812041,0.888448]
SR-WWb: [73093,0.735359,0.805563]
SR-WWc: [73093,0.817597,0.808003]
SR-mT2a: [73093,0.748666,0.816189]
SR-mT2b: [73093,0.893538,0.880854]
SR-mT2c: [73093,0.983264,0.98298]
SR-Zjets: [73093,0.771537,0.738841]
