SR-WWa: [73457,0.535951,0.733596]
SR-WWb: [73457,0.521355,0.660757]
SR-WWc: [73457,0.485233,0.717874]
SR-mT2a: [73457,0.559426,0.689601]
SR-mT2b: [73457,0.666965,0.810657]
SR-mT2c: [73457,0.889207,0.90703]
SR-Zjets: [73457,0.823745,0.864216]
