SR-WWa: [73787,0.560092,0.765375]
SR-WWb: [73787,0.543286,0.684331]
SR-WWc: [73787,0.464278,0.73536]
SR-mT2a: [73787,0.608155,0.725573]
SR-mT2b: [73787,0.644157,0.782044]
SR-mT2c: [73787,0.904285,0.923094]
SR-Zjets: [73787,0.851586,0.89076]
