SR-WWa: [74124,0.482244,0.698337]
SR-WWb: [74124,0.432839,0.583526]
SR-WWc: [74124,0.432175,0.671624]
SR-mT2a: [74124,0.516607,0.651031]
SR-mT2b: [74124,0.790931,0.833699]
SR-mT2c: [74124,0.944218,0.940923]
SR-Zjets: [74124,0.773866,0.707786]
