SR-WWa: [74397,0.875153,0.93852]
SR-WWb: [74397,0.893699,0.929764]
SR-WWc: [74397,0.932692,0.928315]
SR-mT2a: [74397,0.913807,0.940505]
SR-mT2b: [74397,0.933088,0.92829]
SR-mT2c: [74397,0.953519,0.951253]
SR-Zjets: [74397,0.812605,0.76939]
