SR-WWa: [74812,0.562546,0.75194]
SR-WWb: [74812,0.518933,0.667578]
SR-WWc: [74812,0.531304,0.74127]
SR-mT2a: [74812,0.603486,0.724755]
SR-mT2b: [74812,0.739609,0.835986]
SR-mT2c: [74812,0.923426,0.950536]
SR-Zjets: [74812,0.814338,0.842919]
