SR-WWa: [75107,0.465057,0.699151]
SR-WWb: [75107,0.385044,0.56147]
SR-WWc: [75107,0.336775,0.619083]
SR-mT2a: [75107,0.487896,0.630682]
SR-mT2b: [75107,0.696001,0.794607]
SR-mT2c: [75107,0.898974,0.887621]
SR-Zjets: [75107,0.880256,0.863967]
