SR-WWa: [75264,0.582144,0.765371]
SR-WWb: [75264,0.52714,0.662712]
SR-WWc: [75264,0.469506,0.730411]
SR-mT2a: [75264,0.601987,0.719239]
SR-mT2b: [75264,0.598304,0.770381]
SR-mT2c: [75264,0.940084,0.938612]
SR-Zjets: [75264,0.928342,0.92281]
