SR-WWa: [75439,0.477754,0.670103]
SR-WWb: [75439,0.47026,0.597103]
SR-WWc: [75439,0.40565,0.672325]
SR-mT2a: [75439,0.536761,0.661473]
SR-mT2b: [75439,0.677835,0.798592]
SR-mT2c: [75439,0.947013,0.956665]
SR-Zjets: [75439,0.794025,0.820458]
