SR-WWa: [75575,0.81097,0.891983]
SR-WWb: [75575,0.717585,0.806841]
SR-WWc: [75575,0.806942,0.86429]
SR-mT2a: [75575,0.749561,0.824839]
SR-mT2b: [75575,]
SR-mT2c: [75575,0.937422,0.933245]
SR-Zjets: [75575,0.689932,0.733778]
