SR-WWa: [76641,0.677984,0.836053]
SR-WWb: [76641,0.662772,0.770579]
SR-WWc: [76641,0.540238,0.771023]
SR-mT2a: [76641,0.684574,0.781003]
SR-mT2b: [76641,0.806898,0.860061]
SR-mT2c: [76641,0.976978,0.976436]
SR-Zjets: [76641,0.836647,0.804753]
