SR-WWa: [76874,0.519552,0.722326]
SR-WWb: [76874,0.551878,0.688652]
SR-WWc: [76874,0.448446,0.712088]
SR-mT2a: [76874,0.60675,0.72807]
SR-mT2b: [76874,0.662198,0.782969]
SR-mT2c: [76874,0.858952,0.835791]
SR-Zjets: [76874,0.847744,0.821028]
