SR-WWa: [77192,0.655572,0.806598]
SR-WWb: [77192,0.590506,0.695557]
SR-WWc: [77192,0.576573,0.761809]
SR-mT2a: [77192,0.649173,0.748856]
SR-mT2b: [77192,0.84055,0.887878]
SR-mT2c: [77192,0.981067,0.980701]
SR-Zjets: [77192,0.78151,0.837586]
