SR-WWa: [77208,0.655379,0.812432]
SR-WWb: [77208,0.57417,0.699002]
SR-WWc: [77208,0.465224,0.73367]
SR-mT2a: [77208,0.63808,0.746709]
SR-mT2b: [77208,0.711365,0.837133]
SR-mT2c: [77208,0.906445,0.921521]
SR-Zjets: [77208,0.917216,0.909745]
