SR-WWa: [77345,0.509086,0.694678]
SR-WWb: [77345,0.505145,0.628256]
SR-WWc: [77345,0.311037,0.63184]
SR-mT2a: [77345,0.551726,0.672791]
SR-mT2b: [77345,0.62118,0.771211]
SR-mT2c: [77345,0.834388,0.833484]
SR-Zjets: [77345,0.822371,0.822535]
