SR-WWa: [77867,0.548775,0.746147]
SR-WWb: [77867,0.503213,0.656091]
SR-WWc: [77867,0.418693,0.699687]
SR-mT2a: [77867,0.580253,0.706412]
SR-mT2b: [77867,0.655339,0.77899]
SR-mT2c: [77867,0.895784,0.883659]
SR-Zjets: [77867,0.672651,0.75051]
