SR-WWa: [77955,0.615334,0.780827]
SR-WWb: [77955,0.590838,0.691656]
SR-WWc: [77955,0.577966,0.768795]
SR-mT2a: [77955,0.641977,0.74109]
SR-mT2b: [77955,0.810598,0.878359]
SR-mT2c: [77955,0.984142,0.983887]
SR-Zjets: [77955,0.877052,0.859816]
