SR-WWa: [78074,0.541306,0.748425]
SR-WWb: [78074,0.590585,0.716338]
SR-WWc: [78074,0.516902,0.736575]
SR-mT2a: [78074,0.630849,0.742963]
SR-mT2b: [78074,0.773649,0.827676]
SR-mT2c: [78074,0.942676,0.93919]
SR-Zjets: [78074,0.839444,0.808736]
