SR-WWa: [78114,0.668467,0.808469]
SR-WWb: [78114,0.657041,0.737583]
SR-WWc: [78114,0.482861,0.724332]
SR-mT2a: [78114,0.667221,0.759162]
SR-mT2b: [78114,0.691775,0.825777]
SR-mT2c: [78114,0.918315,0.937274]
SR-Zjets: [78114,0.717386,0.801714]
