SR-WWa: [78401,0.535657,0.715525]
SR-WWb: [78401,0.479351,0.603748]
SR-WWc: [78401,0.424004,0.686888]
SR-mT2a: [78401,0.543395,0.664518]
SR-mT2b: [78401,0.673855,0.801611]
SR-mT2c: [78401,0.928089,0.922916]
SR-Zjets: [78401,0.852948,0.843963]
