SR-WWa: [79240,0.621559,0.785511]
SR-WWb: [79240,0.535213,0.66578]
SR-WWc: [79240,0.4819,0.72597]
SR-mT2a: [79240,0.612939,0.727429]
SR-mT2b: [79240,0.675839,0.823544]
SR-mT2c: [79240,0.877483,0.912315]
SR-Zjets: [79240,0.864466,0.863426]
