SR-WWa: [79353,0.496019,0.667337]
SR-WWb: [79353,0.441569,0.572035]
SR-WWc: [79353,0.342969,0.61411]
SR-mT2a: [79353,0.499914,0.628072]
SR-mT2b: [79353,0.777844,0.836582]
SR-mT2c: [79353,0.927287,0.921585]
SR-Zjets: [79353,0.743234,0.815233]
