SR-WWa: [79729,0.686422,0.823862]
SR-WWb: [79729,0.616438,0.717561]
SR-WWc: [79729,0.563306,0.724567]
SR-mT2a: [79729,0.662894,0.76087]
SR-mT2b: [79729,0.658254,0.785668]
SR-mT2c: [79729,0.827548,0.851434]
SR-Zjets: [79729,0.803481,0.801606]
