SR-WWa: [79886,0.6227,0.791012]
SR-WWb: [79886,0.61931,0.738327]
SR-WWc: [79886,0.502814,0.751093]
SR-mT2a: [79886,0.6859,0.781855]
SR-mT2b: [79886,0.732456,0.855232]
SR-mT2c: [79886,0.947589,0.944691]
SR-Zjets: [79886,0.932267,0.927346]
