SR-WWa: [80115,0.649283,0.816824]
SR-WWb: [80115,0.580056,0.727627]
SR-WWc: [80115,0.56612,0.764042]
SR-mT2a: [80115,0.650148,0.764153]
SR-mT2b: [80115,0.776862,0.844588]
SR-mT2c: [80115,0.967801,0.96673]
SR-Zjets: [80115,0.753415,0.738702]
