SR-WWa: [80406,0.668017,0.808163]
SR-WWb: [80406,0.572801,0.69191]
SR-WWc: [80406,0.45391,0.714055]
SR-mT2a: [80406,0.621054,0.730548]
SR-mT2b: [80406,0.620593,0.789924]
SR-mT2c: [80406,0.8885,0.889889]
SR-Zjets: [80406,0.908285,0.899024]
