SR-WWa: [80458,0.0789195,0.210578]
SR-WWb: [80458,0.0850398,0.139492]
SR-WWc: [80458,0.0374957,0.221023]
SR-mT2a: [80458,0.126086,0.19753]
SR-mT2b: [80458,0.281291,0.500752]
SR-mT2c: [80458,0.965934,0.964733]
SR-Zjets: [80458,0.98988,0.992616]
