SR-WWa: [80897,0.683207,0.816077]
SR-WWb: [80897,0.65378,0.745287]
SR-WWc: [80897,0.555221,0.771463]
SR-mT2a: [80897,0.683563,0.775928]
SR-mT2b: [80897,0.807293,0.866157]
SR-mT2c: [80897,0.963921,0.962571]
SR-Zjets: [80897,0.846098,0.818104]
