SR-WWa: [80978,0.607465,0.770062]
SR-WWb: [80978,0.568368,0.674661]
SR-WWc: [80978,0.514042,0.734804]
SR-mT2a: [80978,0.614833,0.72255]
SR-mT2b: [80978,0.751365,0.847514]
SR-mT2c: [80978,0.900995,0.890115]
SR-Zjets: [80978,0.739057,0.801176]
