SR-WWa: [81321,0.79813,0.876818]
SR-WWb: [81321,0.737382,0.808441]
SR-WWc: [81321,0.758812,0.824719]
SR-mT2a: [81321,0.759012,0.824134]
SR-mT2b: [81321,0.886742,0.901072]
SR-mT2c: [81321,0.979853,0.988599]
SR-Zjets: [81321,0.810019,0.798397]
