SR-WWa: [81376,0.501308,0.72182]
SR-WWb: [81376,0.469572,0.618075]
SR-WWc: [81376,0.414289,0.695286]
SR-mT2a: [81376,0.534311,0.661952]
SR-mT2b: [81376,0.64682,0.796635]
SR-mT2c: [81376,0.906805,0.897227]
SR-Zjets: [81376,0.916739,0.909177]
