SR-WWa: [81543,0.541785,0.724203]
SR-WWb: [81543,0.538548,0.654296]
SR-WWc: [81543,0.410573,0.692775]
SR-mT2a: [81543,0.593023,0.705482]
SR-mT2b: [81543,0.646013,0.786611]
SR-mT2c: [81543,0.887227,0.872893]
SR-Zjets: [81543,0.814538,0.77231]
