SR-WWa: [81570,0.495401,0.715029]
SR-WWb: [81570,0.456008,0.623582]
SR-WWc: [81570,0.424899,0.681945]
SR-mT2a: [81570,0.546791,0.680133]
SR-mT2b: [81570,0.658171,0.774836]
SR-mT2c: [81570,0.895979,0.894269]
SR-Zjets: [81570,0.864718,0.843554]
