SR-WWa: [81797,0.429507,0.660133]
SR-WWb: [81797,0.414183,0.559268]
SR-WWc: [81797,0.309456,0.595258]
SR-mT2a: [81797,0.489422,0.624382]
SR-mT2b: [81797,0.588277,0.736524]
SR-mT2c: [81797,0.861166,0.877971]
SR-Zjets: [81797,0.794865,0.832614]
