SR-WWa: [82135,0.623792,0.804182]
SR-WWb: [82135,0.560446,0.705607]
SR-WWc: [82135,0.522174,0.752929]
SR-mT2a: [82135,0.642698,0.756481]
SR-mT2b: [82135,0.785596,0.852321]
SR-mT2c: [82135,0.942073,0.938511]
SR-Zjets: [82135,0.807146,0.825593]
