SR-WWa: [82865,0.643874,0.796331]
SR-WWb: [82865,0.57336,0.696975]
SR-WWc: [82865,0.476866,0.737337]
SR-mT2a: [82865,0.632453,0.743984]
SR-mT2b: [82865,0.716996,0.839289]
SR-mT2c: [82865,0.95306,0.950748]
SR-Zjets: [82865,0.857192,0.838554]
