SR-WWa: [82887,0.532473,0.715321]
SR-WWb: [82887,0.508505,0.626448]
SR-WWc: [82887,0.388303,0.666048]
SR-mT2a: [82887,0.568698,0.683774]
SR-mT2b: [82887,0.606767,0.774938]
SR-mT2c: [82887,0.904202,0.912262]
SR-Zjets: [82887,0.895993,0.897075]
