SR-WWa: [82959,0.467088,0.645956]
SR-WWb: [82959,0.442051,0.548579]
SR-WWc: [82959,0.294442,0.579737]
SR-mT2a: [82959,0.498136,0.611168]
SR-mT2b: [82959,0.544699,0.718272]
SR-mT2c: [82959,0.90906,0.935709]
SR-Zjets: [82959,0.870101,0.861182]
