SR-WWa: [83285,0.479826,0.702016]
SR-WWb: [83285,0.462999,0.61066]
SR-WWc: [83285,0.345516,0.630335]
SR-mT2a: [83285,0.538937,0.669345]
SR-mT2b: [83285,0.710356,0.790432]
SR-mT2c: [83285,0.891163,0.877871]
SR-Zjets: [83285,0.76146,0.798171]
