SR-WWa: [83566,0.798891,0.889493]
SR-WWb: [83566,0.759169,0.827261]
SR-WWc: [83566,0.805537,0.83833]
SR-mT2a: [83566,0.783545,0.844558]
SR-mT2b: [83566,0.937649,0.933503]
SR-mT2c: [83566,0.979991,0.983025]
SR-Zjets: [83566,0.738441,0.737251]
