SR-WWa: [83581,0.484966,0.685755]
SR-WWb: [83581,0.477426,0.601171]
SR-WWc: [83581,0.410252,0.671389]
SR-mT2a: [83581,0.542219,0.659521]
SR-mT2b: [83581,0.598509,0.752341]
SR-mT2c: [83581,0.867749,0.881614]
SR-Zjets: [83581,0.926119,0.921012]
