SR-WWa: [83683,0.847162,0.900624]
SR-WWb: [83683,0.783261,0.832285]
SR-WWc: [83683,0.803339,0.853124]
SR-mT2a: [83683,0.787747,0.844479]
SR-mT2b: [83683,0.905694,0.895875]
SR-mT2c: [83683,0.971,0.970134]
SR-Zjets: [83683,0.905638,0.895807]
