SR-WWa: [83878,0.74789,0.83867]
SR-WWb: [83878,0.682755,0.763557]
SR-WWc: [83878,0.551925,0.770869]
SR-mT2a: [83878,0.702366,0.788113]
SR-mT2b: [83878,0.775053,0.865399]
SR-mT2c: [83878,0.949477,0.946788]
SR-Zjets: [83878,0.751046,0.78507]
