SR-WWa: [83870,0.504544,0.702124]
SR-WWb: [83870,0.527863,0.639121]
SR-WWc: [83870,0.474735,0.689969]
SR-mT2a: [83870,0.579347,0.689524]
SR-mT2b: [83870,0.731266,0.818738]
SR-mT2c: [83870,0.947328,0.954453]
SR-Zjets: [83870,0.970417,0.969515]
