SR-WWa: [83930,0.626169,0.792778]
SR-WWb: [83930,0.615361,0.722522]
SR-WWc: [83930,0.467666,0.742053]
SR-mT2a: [83930,0.669898,0.766211]
SR-mT2b: [83930,0.725505,0.847613]
SR-mT2c: [83930,0.975579,0.974968]
SR-Zjets: [83930,0.806602,0.76915]
