SR-WWa: [84030,0.60057,0.788572]
SR-WWb: [84030,0.62547,0.737323]
SR-WWc: [84030,0.570364,0.791572]
SR-mT2a: [84030,0.689096,0.783172]
SR-mT2b: [84030,0.762593,0.855479]
SR-mT2c: [84030,0.910174,0.91593]
SR-Zjets: [84030,0.905585,0.927325]
