SR-WWa: [84243,0.699502,0.834761]
SR-WWb: [84243,0.673955,0.772806]
SR-WWc: [84243,0.586808,0.794709]
SR-mT2a: [84243,0.714183,0.800495]
SR-mT2b: [84243,0.762344,0.850378]
SR-mT2c: [84243,0.890916,0.905747]
SR-Zjets: [84243,0.756552,0.791026]
