SR-WWa: [84262,0.438077,0.64824]
SR-WWb: [84262,0.414045,0.553065]
SR-WWc: [84262,0.32569,0.61084]
SR-mT2a: [84262,0.501455,0.629842]
SR-mT2b: [84262,0.545061,0.717107]
SR-mT2c: [84262,0.82608,0.859903]
SR-Zjets: [84262,0.79844,0.863393]
