SR-WWa: [84325,0.557626,0.734039]
SR-WWb: [84325,0.604171,0.684899]
SR-WWc: [84325,0.493616,0.71731]
SR-mT2a: [84325,0.631696,0.726537]
SR-mT2b: [84325,0.663505,0.771203]
SR-mT2c: [84325,0.836169,0.870386]
SR-Zjets: [84325,0.848774,0.82183]
