SR-WWa: [84483,0.588415,0.740838]
SR-WWb: [84483,0.578176,0.680929]
SR-WWc: [84483,0.425365,0.707547]
SR-mT2a: [84483,0.635898,0.733777]
SR-mT2b: [84483,0.648996,0.795606]
SR-mT2c: [84483,0.907178,0.897959]
SR-Zjets: [84483,0.876827,0.864722]
