SR-WWa: [84528,0.614258,0.781413]
SR-WWb: [84528,0.650926,0.742795]
SR-WWc: [84528,0.56216,0.763347]
SR-mT2a: [84528,0.688762,0.778754]
SR-mT2b: [84528,0.717999,0.83272]
SR-mT2c: [84528,0.824445,0.88372]
SR-Zjets: [84528,0.819518,0.803245]
