SR-WWa: [85195,0.619488,0.793276]
SR-WWb: [85195,0.58889,0.722568]
SR-WWc: [85195,0.57014,0.771711]
SR-mT2a: [85195,0.667355,0.773711]
SR-mT2b: [85195,0.808891,0.865219]
SR-mT2c: [85195,0.936447,0.932134]
SR-Zjets: [85195,0.823243,0.785292]
