SR-WWa: [85279,0.568896,0.750628]
SR-WWb: [85279,0.534099,0.659296]
SR-WWc: [85279,0.504205,0.709875]
SR-mT2a: [85279,0.599247,0.71561]
SR-mT2b: [85279,0.68808,0.805537]
SR-mT2c: [85279,0.960631,0.966693]
SR-Zjets: [85279,0.887328,0.873021]
