SR-WWa: [85552,0.408283,0.6367]
SR-WWb: [85552,0.405329,0.552299]
SR-WWc: [85552,0.267527,0.56993]
SR-mT2a: [85552,0.484763,0.616524]
SR-mT2b: [85552,0.461125,0.670424]
SR-mT2c: [85552,0.842744,0.880812]
SR-Zjets: [85552,0.868515,0.860269]
