SR-WWa: [85562,0.69587,0.851999]
SR-WWb: [85562,0.675247,0.785127]
SR-WWc: [85562,0.604,0.800436]
SR-mT2a: [85562,0.727776,0.816025]
SR-mT2b: [85562,0.904935,0.912786]
SR-mT2c: [85562,0.934052,0.961214]
SR-Zjets: [85562,0.887968,0.904881]
