SR-WWa: [86254,0.419997,0.513713]
SR-WWb: [86254,0.384088,0.444731]
SR-WWc: [86254,0.614067,0.605415]
SR-mT2a: [86254,0.443464,0.527826]
SR-mT2b: [86254,0.78264,0.722274]
SR-mT2c: [86254,0.702363,0.576235]
SR-Zjets: [86254,0.475352,0.57979]
