SR-WWa: [86261,0.0485938,0.171898]
SR-WWb: [86261,0.097212,0.197416]
SR-WWc: [86261,0.0729645,0.276996]
SR-mT2a: [86261,0.169949,0.276781]
SR-mT2b: [86261,0.164654,0.301538]
SR-mT2c: [86261,0.58152,0.513592]
SR-Zjets: [86261,0.485949,0.60071]
