SR-WWa: [86334,0.76726,0.87706]
SR-WWb: [86334,0.696889,0.795365]
SR-WWc: [86334,0.635652,0.788307]
SR-mT2a: [86334,0.719369,0.805604]
SR-mT2b: [86334,0.834937,0.892484]
SR-mT2c: [86334,0.936333,0.932004]
SR-Zjets: [86334,0.902103,0.891479]
