SR-WWa: [86483,0.777433,0.853367]
SR-WWb: [86483,0.709747,0.751175]
SR-WWc: [86483,0.719202,0.819734]
SR-mT2a: [86483,0.719222,0.782949]
SR-mT2b: [86483,0.890617,0.900741]
SR-mT2c: [86483,0.982338,0.98202]
SR-Zjets: [86483,0.887012,0.87262]
