SR-WWa: [86791,0.645901,0.799431]
SR-WWb: [86791,0.624097,0.707892]
SR-WWc: [86791,0.472626,0.722438]
SR-mT2a: [86791,0.644372,0.741466]
SR-mT2b: [86791,0.674752,0.819806]
SR-mT2c: [86791,0.879018,0.901584]
SR-Zjets: [86791,0.835069,0.821165]
