SR-WWa: [87353,0.66171,0.815427]
SR-WWb: [87353,0.547403,0.705577]
SR-WWc: [87353,0.506623,0.755662]
SR-mT2a: [87353,0.627747,0.747088]
SR-mT2b: [87353,0.765763,0.85314]
SR-mT2c: [87353,0.960235,0.958588]
SR-Zjets: [87353,0.868691,0.848843]
