SR-WWa: [87395,0.651674,0.803269]
SR-WWb: [87395,0.607845,0.741467]
SR-WWc: [87395,0.524757,0.766523]
SR-mT2a: [87395,0.662668,0.771023]
SR-mT2b: [87395,0.74988,0.84369]
SR-mT2c: [87395,0.88365,0.868331]
SR-Zjets: [87395,0.870467,0.86876]
