SR-WWa: [87410,0.650605,0.821598]
SR-WWb: [87410,0.595593,0.721137]
SR-WWc: [87410,0.547874,0.755902]
SR-mT2a: [87410,0.645459,0.754975]
SR-mT2b: [87410,0.779728,0.839408]
SR-mT2c: [87410,0.926952,0.921195]
SR-Zjets: [87410,0.762815,0.693959]
