SR-WWa: [87595,0.688712,0.830509]
SR-WWb: [87595,0.649495,0.764487]
SR-WWc: [87595,0.601021,0.804493]
SR-mT2a: [87595,0.704062,0.800221]
SR-mT2b: [87595,0.77987,0.863574]
SR-mT2c: [87595,0.816134,0.869581]
SR-Zjets: [87595,0.655972,0.759074]
