SR-WWa: [87950,0.750288,0.866657]
SR-WWb: [87950,0.620779,0.768036]
SR-WWc: [87950,0.614375,0.818037]
SR-mT2a: [87950,0.70096,0.8028]
SR-mT2b: [87950,0.813284,0.881632]
SR-mT2c: [87950,0.925552,0.922985]
SR-Zjets: [87950,0.909594,0.900609]
