SR-WWa: [88178,0.77948,0.874687]
SR-WWb: [88178,0.744232,0.8026]
SR-WWc: [88178,0.747587,0.814368]
SR-mT2a: [88178,0.748804,0.814221]
SR-mT2b: [88178,0.903102,0.914845]
SR-mT2c: [88178,0.976208,0.979181]
SR-Zjets: [88178,0.840276,0.83967]
