SR-WWa: [88243,0.379436,0.627056]
SR-WWb: [88243,0.337018,0.507221]
SR-WWc: [88243,0.263074,0.561039]
SR-mT2a: [88243,0.426995,0.572852]
SR-mT2b: [88243,0.584726,0.746521]
SR-mT2c: [88243,0.837533,0.859095]
SR-Zjets: [88243,0.890684,0.877267]
