SR-WWa: [88385,0.656336,0.824619]
SR-WWb: [88385,0.614383,0.746646]
SR-WWc: [88385,0.620738,0.800756]
SR-mT2a: [88385,0.664547,0.773006]
SR-mT2b: [88385,0.829071,0.878211]
SR-mT2c: [88385,0.945942,0.942852]
SR-Zjets: [88385,0.664428,0.668492]
