SR-WWa: [88666,0.756969,0.87576]
SR-WWb: [88666,0.676138,0.784136]
SR-WWc: [88666,0.668316,0.814604]
SR-mT2a: [88666,0.732513,0.818943]
SR-mT2b: [88666,0.828509,0.876489]
SR-mT2c: [88666,0.978926,0.980199]
SR-Zjets: [88666,0.814044,0.836576]
