SR-WWa: [88773,0.448921,0.676298]
SR-WWb: [88773,0.435017,0.600615]
SR-WWc: [88773,0.43119,0.687515]
SR-mT2a: [88773,0.526723,0.665312]
SR-mT2b: [88773,0.746935,0.828493]
SR-mT2c: [88773,0.909927,0.913408]
SR-Zjets: [88773,0.671565,0.757216]
