SR-WWa: [89527,0.343553,0.596394]
SR-WWb: [89527,0.366269,0.520334]
SR-WWc: [89527,0.261736,0.562253]
SR-mT2a: [89527,0.452543,0.593442]
SR-mT2b: [89527,0.55157,0.714844]
SR-mT2c: [89527,0.939203,0.935268]
SR-Zjets: [89527,0.874811,0.856896]
