SR-WWa: [89599,0.735586,0.861219]
SR-WWb: [89599,0.720933,0.794178]
SR-WWc: [89599,0.666492,0.801025]
SR-mT2a: [89599,0.725467,0.810851]
SR-mT2b: [89599,0.829722,0.843291]
SR-mT2c: [89599,0.970879,0.972586]
SR-Zjets: [89599,0.920656,0.913817]
