SR-WWa: [89886,0.599298,0.763129]
SR-WWb: [89886,0.531725,0.654763]
SR-WWc: [89886,0.368186,0.660059]
SR-mT2a: [89886,0.577606,0.693236]
SR-mT2b: [89886,0.61377,0.746363]
SR-mT2c: [89886,0.802036,0.78625]
SR-Zjets: [89886,0.783669,0.833249]
