SR-WWa: [90797,0.669614,0.826372]
SR-WWb: [90797,0.67223,0.747358]
SR-WWc: [90797,0.771063,0.703089]
SR-mT2a: [90797,0.666674,0.710053]
SR-mT2b: [90797,0.90865,0.899466]
SR-mT2c: [90797,0.935467,0.931016]
SR-Zjets: [90797,0.478555,0.593799]
