SR-WWa: [91006,0.96822,0.967177]
SR-WWb: [91006,0.965043,0.966213]
SR-WWc: [91006,0.929591,0.924258]
SR-mT2a: [91006,0.942603,0.948535]
SR-mT2b: [91006,0.887783,0.873599]
SR-mT2c: [91006,0.883803,0.868526]
SR-Zjets: [91006,0.532328,0.391958]
