SR-WWa: [91181,0.0854837,0.208366]
SR-WWb: [91181,0.109918,0.21531]
SR-WWc: [91181,0.117095,0.348147]
SR-mT2a: [91181,0.159998,0.262687]
SR-mT2b: [91181,0.242331,0.418209]
SR-mT2c: [91181,0.343923,0.307558]
SR-Zjets: [91181,0.464349,0.419383]
