SR-WWa: [93235,0.000550709,0.0041856]
SR-WWb: [93235,0.00286739,0.00777789]
SR-WWc: [93235,0.00358667,0.0241007]
SR-mT2a: [93235,0.00638539,0.0153179]
SR-mT2b: [93235,0.0247027,0.048908]
SR-mT2c: [93235,0.364523,0.354881]
SR-Zjets: [93235,0.906189,0.931237]
