SR-WWa: [93278,0.622462,0.745616]
SR-WWb: [93278,0.49322,0.571313]
SR-WWc: [93278,0.342652,0.60668]
SR-mT2a: [93278,0.528332,0.632949]
SR-mT2b: [93278,0.557737,0.676984]
SR-mT2c: [93278,0.818955,0.880682]
SR-Zjets: [93278,0.555259,0.581457]
