SR-WWa: [94720,0.00122156,0.0070095]
SR-WWb: [94720,0.00155634,0.00350367]
SR-WWc: [94720,0.001537,0.0254817]
SR-mT2a: [94720,0.00331598,0.00779105]
SR-mT2b: [94720,0.0313954,0.100863]
SR-mT2c: [94720,0.307332,0.343563]
SR-Zjets: [94720,0.922061,0.943133]
