SR-WWa: [95197,0.0185328,0.102733]
SR-WWb: [95197,0.0170515,0.0508777]
SR-WWc: [95197,0.0260447,0.184388]
SR-mT2a: [95197,0.0409593,0.0883332]
SR-mT2b: [95197,0.265908,0.412127]
SR-mT2c: [95197,0.640131,0.579285]
SR-Zjets: [95197,0.976527,0.975962]
