SR-WWa: [96448,0.142644,0.302187]
SR-WWb: [96448,0.137948,0.202978]
SR-WWc: [96448,0.0451201,0.257944]
SR-mT2a: [96448,0.187949,0.269456]
SR-mT2b: [96448,0.152988,0.336396]
SR-mT2c: [96448,0.639606,0.53876]
SR-Zjets: [96448,0.997879,0.997875]
