SR-WWa: [97599,0.792396,0.894539]
SR-WWb: [97599,0.722491,0.812168]
SR-WWc: [97599,0.713974,0.816001]
SR-mT2a: [97599,0.739546,0.820572]
SR-mT2b: [97599,0.830287,0.867914]
SR-mT2c: [97599,0.982736,0.982432]
SR-Zjets: [97599,0.668663,0.644332]
